Seed = 20
0. 319571911
1. 1589394258
2. 1140678497
3. 815653959
4. 1406893496
5. 838288381
6. 1489953262
7. 795116441
8. 1242506440
9. 1421172481
10. 329598350
11. 430785724
12. 1049113847
13. 2132438409
14. 1691030744
15. 317597409
16. 175990765
17. 498115607
18. 669529379
19. 381373859
20. 823270545
21. 48127336
22. 2118220241
23. 1816824251
24. 38593369
25. 1081150973
26. 223255360
27. 690764191
28. 542433055
29. 1433521804
30. 460707357
31. 862004966
32. 875432415
33. 1601385854
34. 1677658925
35. 134842263
36. 292190587
37. 1020128540
38. 929958704
39. 1534697028
40. 293817373
41. 1259557054
42. 1965482752
43. 1342931220
44. 1244511815
45. 1509029848
46. 1660528629
47. 1420502581
48. 2007145455
49. 182574361
50. 1801876440
51. 682932352
52. 230701697
53. 1772613033
54. 352272955
55. 269295066
56. 706280358
57. 575528315
58. 960059258
59. 1248713413
60. 2009050120
61. 1420766615
62. 2110718380
63. 736998887
64. 874668821
65. 1640893657
66. 871841150
67. 1166859409
68. 513538549
69. 1801799854
70. 554072789
71. 807355922
72. 913873261
73. 372071893
74. 2803495
75. 10901428
76. 1881101741
77. 1663332124
78. 1431404009
79. 1740763548
80. 1845906485
81. 1085796801
82. 276212252
83. 2076608182
84. 710926186
85. 628485207
86. 198419601
87. 1417206544
88. 1204013523
89. 1158478859
90. 518436310
91. 1065579995
92. 431761826
93. 481671042
94. 1802578882
95. 1306430647
96. 2122564699
97. 526936384
98. 325806408
99. 488619601
100. 181252590
101. 879879197
102. 1295975523
103. 1095125851
104. 1251951090
105. 1298779018
106. 1106027280
107. 985569183
108. 814627495
109. 389947641
110. 578849083
111. 513050332
112. 1475744443
113. 855061335
114. 442174867
115. 39186981
116. 1483546543
117. 640594468
118. 1456393526
119. 540076418
120. 1799073327
121. 1974829836
122. 1605656413
123. 83351505
124. 309017230
125. 1260751647
126. 1389782152
127. 284098281
128. 1787688031
129. 1715588561
130. 772717882
131. 1968940621
132. 447984110
133. 2068693406
134. 916582825
135. 1699935201
136. 1219988776
137. 2022610105
138. 538020736
139. 2034616271
140. 265074098
141. 1116869820
142. 400182956
143. 1740818541
144. 1971931155
145. 842357823
146. 1780005523
147. 1307994050
148. 1482952291
149. 1088915401
150. 1848070468
151. 1134541970
152. 916261589
153. 1306243233
154. 1217893475
155. 1225278819
156. 419511232
157. 460191979
158. 1509377100
159. 59715615
160. 28296892
161. 134611335
162. 2028656237
163. 476281003
164. 55821093
165. 797755414
166. 28732556
167. 1275809869
168. 672881871
169. 566753292
170. 1162942493
171. 937955969
172. 1683623112
173. 1563125449
174. 531290863
175. 1508070620
176. 257999624
177. 163812738
178. 668581022
179. 1740951915
180. 1252728139
181. 369167843
182. 728010237
183. 21506080
184. 1675411076
185. 1945903712
186. 1246784899
187. 2094922309
188. 258612043
189. 608678351
190. 7154276
191. 286908936
192. 743289686
193. 2035810513
194. 763189939
195. 799110779
196. 686082279
197. 791922495
198. 2074920649
199. 1358964150
200. 1358675787
201. 1090379494
202. 149436472
203. 894815252
204. 506021295
205. 680727335
206. 255402224
207. 764020919
208. 844540073
209. 923983246
210. 357489186
211. 2097268212
212. 1293151089
213. 1085499423
214. 2118774292
215. 821078518
216. 883919487
217. 1218075543
218. 768517179
219. 1142531530
220. 1826753894
221. 775671455
222. 1429440466
223. 422559933
224. 663998321
225. 45146757
226. 1221670712
227. 1350080600
228. 837069252
229. 1149107713
230. 561561103
231. 48261392
232. 92003559
233. 710997575
234. 943076644
235. 598024854
236. 1391724910
237. 1198478868
238. 1362045773
239. 88781335
240. 2122462114
241. 1719534959
242. 38565899
243. 1268129556
244. 657550734
245. 9856543
246. 2089208074
247. 1541470221
248. 1227932086
249. 710241605
250. 536518104
251. 907202332
252. 1485913060
253. 1965958570
254. 1329762265
255. 2427733
256. 2011105328
257. 403949330
258. 1352508334
259. 700690932
260. 1553057043
261. 1914069437
262. 748952324
263. 1645060603
264. 477583364
265. 1692028968
266. 95601809
267. 1869308274
268. 743024188
269. 1457647583
270. 1958089609
271. 718002655
272. 1029698894
273. 1996655508
274. 1986132211
275. 1687249629
276. 2006512051
277. 1927856637
278. 1081236202
279. 1086960489
280. 490614594
281. 1617754306
282. 1994162821
283. 1976527654
284. 1436229229
285. 1176441439
286. 1978955388
287. 1299850909
288. 1580390769
289. 1183980074
290. 2000541841
291. 985964164
292. 950565863
293. 602010518
294. 483541119
295. 1428149227
296. 146555838
297. 579142929
298. 1149973853
299. 889580027
300. 2036790512
301. 960579814
302. 1607582682
303. 919005758
304. 809751674
305. 1446231245
306. 458771739
307. 668780077
308. 1226604234
309. 1540007942
310. 1755740566
311. 1717218828
312. 1010278600
313. 1602419739
314. 1546262834
315. 299024181
316. 631377530
317. 1377734574
318. 1598875090
319. 64284651
320. 414231000
321. 1451933284
322. 1050248816
323. 1364796863
324. 2053943802
325. 1533789935
326. 645462442
327. 53015992
328. 2112932864
329. 1795436295
330. 942596019
331. 2002239728
332. 608532461
333. 402695053
334. 773761839
335. 1418284135
336. 1848926298
337. 1232533578
338. 2087064212
339. 928046884
340. 625057872
341. 1695321130
342. 497782064
343. 1635336473
344. 1150257222
345. 2044044899
346. 1934360654
347. 1781634752
348. 1274295825
349. 1385752097
350. 1845919404
351. 1688526826
352. 690201733
353. 748684572
354. 905840041
355. 596661887
356. 134990859
357. 1551302484
358. 649677879
359. 100440076
360. 1199255131
361. 1592273899
362. 2102679804
363. 1807787593
364. 1994968952
365. 728957995
366. 1078588080
367. 1696411603
368. 1961491574
369. 1018168645
370. 476974839
371. 439065798
372. 566006127
373. 974756904
374. 2074402271
375. 1716263349
376. 871318155
377. 1861279278
378. 1350414454
379. 2145613980
380. 1099547727
381. 1048850210
382. 1686657158
383. 1789749460
384. 1797534782
385. 445013552
386. 238927699
387. 1932525641
388. 1996316036
389. 888605578
390. 2032965717
391. 1048087519
392. 333395829
393. 1988161874
394. 708391464
395. 180881134
396. 569636221
397. 1786979545
398. 1877292737
399. 383644147
400. 657664542
401. 206783928
402. 822709946
403. 1223670669
404. 1181540832
405. 749628569
406. 792450371
407. 2052858987
408. 463424199
409. 2142864825
410. 2050989320
411. 1562971926
412. 1044231387
413. 1590162830
414. 1205237738
415. 694282521
416. 2035176382
417. 1444165437
418. 479324514
419. 1884008770
420. 185287368
421. 364806584
422. 784612642
423. 518683197
424. 205484810
425. 1493004106
426. 699564331
427. 775121031
428. 1132500003
429. 429373420
430. 1158765179
431. 1790164545
432. 636157349
433. 1981475125
434. 866351567
435. 1817698181
436. 583620046
437. 1658801938
438. 1723073521
439. 1047044246
440. 1654183115
441. 1626579193
442. 462532524
443. 550930854
444. 1069258375
445. 1667770263
446. 1245213375
447. 956951110
448. 964452052
449. 1724537889
450. 693476232
451. 1149739420
452. 2089344473
453. 1478088874
454. 1668422618
455. 147345635
456. 823609333
457. 220503301
458. 922466667
459. 1956109336
460. 649876722
461. 2081231846
462. 1598790234
463. 1286034071
464. 1915223323
465. 317658153
466. 956248604
467. 351359721
468. 1976460091
469. 531838477
470. 1398403967
471. 1483159558
472. 10934022
473. 1860936492
474. 2034090412
475. 1080192398
476. 1381223107
477. 1131820139
478. 2037143508
479. 198191511
480. 708874380
481. 583136092
482. 1347930932
483. 650735206
484. 2061224967
485. 868869902
486. 798080841
487. 737350652
488. 1089373203
489. 1720547508
490. 545976340
491. 1739249925
492. 1654295706
493. 2144766574
494. 877800348
495. 1422035381
496. 314941079
497. 1834048953
498. 1773395103
499. 143917522
500. 218403782
501. 1024315422
502. 1627077080
503. 229337805
504. 737768266
505. 1513683844
506. 1309530203
507. 2118991373
508. 498020335
509. 1199190063
510. 169699237
511. 1206894716
512. 1782326155
513. 1517630169
514. 1857629922
515. 1696067474
516. 239016423
517. 508227115
518. 285934478
519. 1328389626
520. 81290976
521. 831910819
522. 920155904
523. 1735586682
524. 829193745
525. 1797956252
526. 1010138416
527. 1144134825
528. 1484521557
529. 636049871
530. 1288052347
531. 1702925340
532. 1660365293
533. 767645780
534. 1932263145
535. 250649912
536. 133845976
537. 1094309700
538. 222157637
539. 631866312
540. 146016115
541. 391856874
542. 1838761028
543. 1928342270
544. 1909487043
545. 1548907302
546. 1476926097
547. 1019818
548. 2057134417
549. 1762860575
550. 1329409445
551. 2138425393
552. 447287746
553. 102081701
554. 1726528428
555. 1276481492
556. 1900037953
557. 589183196
558. 273132669
559. 1237075863
560. 1225233067
561. 1561185016
562. 792517555
563. 738114712
564. 181347148
565. 577297052
566. 988764624
567. 315193125
568. 1671606752
569. 1210922262
570. 947059437
571. 1817622867
572. 1602779136
573. 638336817
574. 1598481489
575. 1364782532
576. 39760471
577. 927923938
578. 1365802350
579. 2096894888
580. 543300866
581. 547728147
582. 2087836634
583. 990588612
584. 649809848
585. 1666881414
586. 119586456
587. 402364154
588. 108580962
589. 392719125
590. 1639440017
591. 1333814029
592. 1953904142
593. 284473924
594. 2071928741
595. 2135251290
596. 861770976
597. 913209718
598. 302960767
599. 385894080
600. 2124131980
601. 1250020204
602. 56033299
603. 1579427468
604. 1888357021
605. 1654514788
606. 796726352
607. 1928117492
608. 434955079
609. 15045055
610. 1877528733
611. 978255945
612. 562773202
613. 1817881719
614. 1968844557
615. 1212583051
616. 1337279485
617. 2088431014
618. 1614947205
619. 1445860447
620. 333666491
621. 1106903574
622. 632190828
623. 140086985
624. 1391377498
625. 556635921
626. 127854628
627. 105664826
628. 1469845639
629. 430815395
630. 491558906
631. 1446493971
632. 1680835600
633. 547592205
634. 878437792
635. 1421708973
636. 54623345
637. 1675164144
638. 1202342818
639. 489578424
640. 1690209199
641. 932387903
642. 1467834369
643. 105498754
644. 602785974
645. 1289195279
646. 1318081805
647. 1940065459
648. 1230142645
649. 785545362
650. 1238442258
651. 1563809136
652. 1892448936
653. 1870633086
654. 1703896122
655. 1136342786
656. 279785359
657. 1831750750
658. 1242007612
659. 1749630999
660. 115082497
661. 1733566518
662. 1048641322
663. 1795918097
664. 133675075
665. 1927079114
666. 1070143423
667. 188298420
668. 1454759611
669. 125002593
670. 677876845
671. 997485162
672. 1057390496
673. 2145711214
674. 1102983916
675. 1660176470
676. 1287422845
677. 273582073
678. 1452758281
679. 370081842
680. 1059127435
681. 543716891
682. 1933890979
683. 804092723
684. 266866329
685. 1490303453
686. 1940435509
687. 546651688
688. 1174570555
689. 1034959473
690. 148799039
691. 1289653052
692. 621042343
693. 1197440362
694. 938087502
695. 754717418
696. 977035828
697. 2008230925
698. 943015839
699. 284311791
700. 2133233518
701. 1620892684
702. 1281796954
703. 1043140366
704. 1619120250
705. 237297222
706. 555833188
707. 759059448
708. 510879296
709. 2008591469
710. 1129141290
711. 1570006731
712. 404824712
713. 915548621
714. 226615807
715. 671691041
716. 258368426
717. 19567668
718. 1218342729
719. 1432938981
720. 1054527142
721. 1367141769
722. 575108386
723. 1675569485
724. 417098483
725. 1513195888
726. 282803256
727. 1394134311
728. 1373943165
729. 1225819095
730. 1678446103
731. 1359693035
732. 699228131
733. 812759409
734. 255349753
735. 170864733
736. 1050056631
737. 811182941
738. 929924181
739. 1560935927
740. 672290762
741. 2059065472
742. 983459011
743. 1077115474
744. 827130445
745. 1210074818
746. 1748806515
747. 1085498872
748. 1229642486
749. 819665596
750. 370954205
751. 136685980
752. 39323717
753. 946062591
754. 1812255466
755. 456422200
756. 311774831
757. 2095058722
758. 1850556512
759. 1685717996
760. 1173394169
761. 1381518967
762. 897927383
763. 1872622300
764. 46794728
765. 1153277136
766. 2043487033
767. 1096851359
768. 1964460077
769. 825927567
770. 510303639
771. 489267191
772. 737509391
773. 1493762650
774. 1566382665
775. 1564639836
776. 556353820
777. 1167705532
778. 502655060
779. 1785996306
780. 1987371129
781. 873609266
782. 1922682287
783. 2026694846
784. 1819671857
785. 1587454105
786. 335633399
787. 2131446689
788. 1535029179
789. 38706263
790. 1669681037
791. 560939700
792. 1420225230
793. 420124773
794. 286078352
795. 1467019958
796. 1573401909
797. 182081737
798. 416387669
799. 1390378339
800. 1008009304
801. 926691308
802. 1879645530
803. 1745518695
804. 272970310
805. 1298544548
806. 1162674884
807. 829324130
808. 318766432
809. 1665329944
810. 467836789
811. 158653913
812. 391455562
813. 243035428
814. 37865112
815. 63643772
816. 1830489533
817. 373498511
818. 47606813
819. 1218035064
820. 412204774
821. 1717287850
822. 1778974764
823. 1832430004
824. 2137412623
825. 2065053116
826. 1151966314
827. 1563330885
828. 99651205
829. 1568353983
830. 806225576
831. 1107660510
832. 347561644
833. 538387458
834. 705695557
835. 620531954
836. 1836932006
837. 1868370441
838. 1449856085
839. 8214791
840. 1386216738
841. 1917692874
842. 166868704
843. 1777672300
844. 13244654
845. 204733816
846. 1841316072
847. 1843734187
848. 578232327
849. 1888922885
850. 914285603
851. 990437101
852. 1458727088
853. 545776719
854. 675383457
855. 1448656063
856. 463346187
857. 1827349771
858. 864503300
859. 562997392
860. 1248220107
861. 1670728876
862. 1670657902
863. 1595781751
864. 61632687
865. 228869812
866. 68830057
867. 1898564693
868. 2097240253
869. 1518686142
870. 1906779484
871. 1335973343
872. 1288895368
873. 2073648189
874. 966161996
875. 1302140022
876. 130898357
877. 659994420
878. 998390561
879. 709130685
880. 401433658
881. 1912676164
882. 1699567786
883. 1860160746
884. 310969235
885. 227467596
886. 1161333161
887. 774315422
888. 2054817367
889. 2025836462
890. 1337312815
891. 1155553826
892. 1549081690
893. 860487069
894. 603851929
895. 1610714377
896. 1089356881
897. 672681987
898. 1361795423
899. 1039113487
900. 43884481
901. 1121091259
902. 227603182
903. 1332779850
904. 1047255800
905. 1193765178
906. 487436224
907. 1178154158
908. 1853759599
909. 1485826786
910. 1887284843
911. 107709609
912. 1251019302
913. 1439368981
914. 1967870355
915. 1561988538
916. 1666836577
917. 981719868
918. 188820312
919. 1574170297
920. 860072682
921. 1526133127
922. 582240475
923. 261670725
924. 239136549
925. 1186092405
926. 1872385102
927. 1328493430
928. 1858774392
929. 1086696877
930. 220123269
931. 1902658873
932. 60304489
933. 447726452
934. 1087955075
935. 1107560289
936. 1641491630
937. 1575391300
938. 138230799
939. 1347767581
940. 913734438
941. 2025515642
942. 1455477190
943. 17270092
944. 1317400976
945. 1275863897
946. 1579258630
947. 836753905
948. 110100118
949. 1768078943
950. 263440554
951. 970172800
952. 1146728422
953. 845681030
954. 1231843525
955. 1385864971
956. 2031773435
957. 956744980
958. 566874754
959. 1743064179
960. 2043441857
961. 786998023
962. 1498239404
963. 2103746346
964. 1234724475
965. 438710832
966. 1063822988
967. 728732458
968. 2014102132
969. 1202053787
970. 2076500039
971. 780352922
972. 1080085782
973. 1384493582
974. 797623014
975. 250003110
976. 512873831
977. 229397997
978. 1086757015
979. 622973949
980. 1997476940
981. 1350197570
982. 1593146750
983. 996721714
984. 48394952
985. 677506627
986. 235103038
987. 2080168387
988. 1634251607
989. 801977792
990. 1675748918
991. 1530209817
992. 1588975815
993. 1026504674
994. 1486472515
995. 676216643
996. 1465215506
997. 402811855
998. 1404949101
999. 1331833990
