12526
11471
19584
1556
19667
6056
7405
27985
26790
15799
14464
26732
11977
1911
14127
14652
10442
12131
1877
7424
27399
16946
20289
31990
20253
26325
23418
3261
26901
10796
9684
29291
9037
19084
16692
21614
11560
16114
13858
26915
10357
30211
7187
25656
16800
2251
31604
24002
7835
23858
17526
3869
20618
29757
26268
391
13361
24586
21766
2684
27933
7562
891
12751
26517
19964
10296
23949
3392
3117
20090
24465
6291
22897
1485
16615
13056
24159
14867
26338
18912
31568
83
28155
17948
25751
25671
22128
4767
18045
676
24217
7548
11523
31783
9992
16350
11095
3428
31848
14515
3432
904
1005
8418
13512
884
11615
8626
927
7680
8236
14450
13747
12404
15726
11745
133
11096
6414
13591
9008
14326
2001
11124
5671
12355
72
8699
14549
12069
7325
9735
15125
7961
11070
8030
8342
3382
7282
14765
7192
9881
15040
12118
8326
9764
15425
11183
9723
6312
6861
6800
150
15725
263
6990
1860
10513
14929
11534
10324
12503
13202
2686
10746
1092
15081
2791
13484
15149
3130
16041
9568
15896
6300
7435
1449
3843
5799
14707
10167
6282
2466
5629
1075
2414
3472
2416
6142
8828
5664
3735
8144
15566
11897
13040
12212
11895
10217
15050
