1 138 109
2 38 91
3 40 78
4 116 87
5 38 74
6 38 65
7 38 58
8 39 53
9 38 49
10 38 46
11 39 44
12 37 42
13 38 41
14 37 40
15 37 39
16 39 39
17 37 38
18 38 38
19 37 37
20 37 37
21 77 47
22 37 44
23 37 42
24 123 62
25 37 55
26 39 51
27 39 48
28 36 45
29 39 43
30 39 42
31 38 41
32 39 40
33 38 39
34 37 38
35 38 38
36 38 38
37 75 47
38 38 44
39 39 42
40 38 41
41 39 40
42 38 39
43 39 39
44 38 38
45 40 38
46 38 38
47 40 38
48 41 38
49 37 37
50 39 37
51 37 37
52 38 37
53 38 37
54 38 37
55 77 47
56 37 44
57 40 43
58 38 41
59 37 40
60 40 40
61 39 39
62 39 39
63 39 39
64 39 39
65 37 38
66 40 38
67 77 47
68 39 45
69 88 55
70 95 65
71 39 58
72 39 53
73 94 63
74 39 57
75 97 67
76 38 59
77 99 69
78 38 61
79 38 55
80 40 51
81 36 47
82 39 45
83 39 43
84 40 42
85 38 41
86 40 40
87 34 38
88 35 37
89 33 36
90 33 35
91 35 35
92 36 35
93 65 42
94 36 40
95 34 38
96 35 37
97 65 44
98 31 40
99 33 38
100 33 36
101 33 35
102 32 34
103 34 34
104 32 33
105 33 33
106 34 33
107 33 33
108 35 33
109 33 33
110 33 33
111 66 41
112 33 39
113 65 45
114 34 42
115 77 50
116 31 45
117 33 42
118 33 39
119 32 37
120 31 35
121 33 34
122 33 33
123 33 33
124 34 33
125 31 32
126 62 39
127 34 37
128 34 36
129 33 35
130 33 34
131 33 33
132 34 33
133 34 33
134 30 32
135 34 32
136 33 32
137 31 31
138 30 30
139 34 31
140 32 31
141 31 31
142 32 31
143 59 38
144 33 36
145 32 35
146 34 34
147 34 34
148 32 33
149 65 41
150 31 38
151 32 36
152 29 34
153 28 32
154 94 47
155 29 42
156 30 39
157 30 36
158 28 34
159 30 33
160 63 40
161 30 37
162 31 35
163 30 33
164 29 32
165 30 31
166 29 30
167 29 29
168 29 29
169 30 29
170 29 29
171 30 29
172 30 29
173 30 29
174 92 44
175 31 40
176 32 38
177 69 45
178 31 41
179 29 38
180 29 35
181 31 34
182 29 32
183 62 39
184 28 36
185 28 34
186 31 33
187 30 32
188 30 31
189 29 30
190 30 30
191 31 30
192 57 36
193 27 33
194 64 40
195 28 37
196 68 44
197 29 40
198 29 37
199 27 34
200 29 32
201 28 31
202 29 30
203 31 30
204 52 35
205 29 33
206 28 31
207 28 30
208 61 37
209 30 35
210 30 33
211 27 31
212 28 30
213 28 29
214 62 37
215 67 44
216 27 39
217 28 36
218 27 33
219 26 31
220 30 30
221 29 29
222 28 28
223 27 27
224 28 27
225 30 27
226 29 27
227 28 27
228 31 28
229 27 27
230 29 27
231 30 27
232 28 27
233 30 27
234 27 27
235 26 26
236 56 33
237 29 32
238 29 31
239 28 30
240 28 29
241 28 28
242 29 28
243 29 28
244 27 27
245 82 40
246 28 37
247 27 34
248 25 31
249 23 29
250 22 27
251 24 26
252 25 25
253 21 24
254 23 23
255 21 22
256 46 28
257 24 27
258 24 26
259 22 25
260 22 24
261 44 29
262 85 43
263 22 37
264 23 33
265 59 39
266 21 34
267 23 31
268 22 28
269 23 26
270 22 25
271 23 24
272 45 29
273 53 35
274 27 33
275 23 30
276 25 28
277 27 27
278 28 27
279 25 26
280 27 26
281 26 26
282 26 26
283 51 32
284 26 30
285 27 29
286 27 28
287 26 27
288 27 27
289 23 26
290 28 26
291 27 26
292 26 26
293 47 31
294 25 29
295 26 28
296 51 33
297 24 30
298 24 28
299 26 27
300 24 26
301 26 26
302 50 32
303 26 30
304 38 32
305 39 33
306 39 34
307 38 35
308 137 60
309 37 54
310 69 57
311 27 49
312 28 43
313 29 39
314 30 36
315 30 34
316 33 33
317 35 33
318 34 33
319 35 33
320 36 33
321 36 33
322 36 33
323 37 34
324 66 42
325 37 40
326 35 38
327 34 37
328 36 36
329 34 35
330 35 35
331 34 34
332 36 34
333 37 34
334 35 34
335 37 34
336 37 34
337 34 34
338 36 34
339 70 43
340 36 41
341 35 39
342 35 38
343 34 37
344 33 36
345 72 45
346 36 42
347 34 40
348 36 39
349 34 37
350 111 55
351 34 49
352 35 45
353 34 42
354 36 40
355 36 39
356 36 38
357 33 36
358 38 36
359 33 35
360 28 33
361 94 48
362 29 43
363 118 61
364 27 52
365 29 46
366 31 42
367 30 39
368 29 36
369 31 34
370 28 32
371 29 31
372 29 30
373 29 29
374 58 36
375 64 43
376 27 39
377 30 36
378 30 34
379 99 50
380 77 56
381 85 63
382 29 54
383 85 61
384 89 68
385 28 58
386 30 51
387 28 45
388 29 41
389 30 38
390 29 35
391 28 33
392 62 40
393 29 37
394 32 35
395 66 42
396 31 39
397 30 36
398 30 34
399 30 33
400 28 31
401 31 31
402 55 37
403 69 45
404 27 40
405 31 37
406 68 44
407 27 39
408 27 36
409 64 43
410 24 38
411 63 44
412 25 39
413 26 35
414 26 32
415 27 30
416 25 28
417 25 27
418 52 33
419 29 32
420 52 37
421 65 44
422 26 39
423 27 36
424 24 33
425 26 31
426 27 30
427 25 28
428 27 27
429 28 27
430 26 26
431 26 26
432 28 26
433 26 26
434 26 26
435 52 32
436 52 37
437 25 34
438 27 32
439 27 30
440 26 29
