0 0
2 0.000157903
3 0.000315806
4 0.000473709
5 0.000631612
6 0.000789515
7 0.000947418
12 0.00110532
20 0.00126322
22 0.00142113
23 0.00157903
25 0.00173693
29 0.00189484
31 0.00205274
33 0.00221064
35 0.00236855
38 0.00252645
41 0.00268435
42 0.00284225
44 0.00300016
45 0.00315806
47 0.00331596
48 0.00347387
49 0.00363177
50 0.00378967
53 0.00394758
57 0.00410548
59 0.00426338
61 0.00442129
64 0.00457919
65 0.00473709
67 0.00489499
71 0.0050529
75 0.0052108
81 0.0053687
85 0.00552661
88 0.00568451
93 0.00584241
95 0.00600032
99 0.00615822
104 0.00631612
112 0.00647402
113 0.00663193
116 0.00678983
117 0.00694773
118 0.00710564
120 0.00726354
126 0.00742144
127 0.00757935
129 0.00773725
130 0.00789515
134 0.00805306
137 0.00821096
138 0.00836886
140 0.00852676
143 0.00868467
144 0.00884257
146 0.00900047
150 0.00915838
152 0.00931628
153 0.00947418
154 0.00963209
157 0.00978999
158 0.00994789
161 0.0101058
167 0.0102637
168 0.0104216
172 0.0105795
173 0.0107374
174 0.0108953
175 0.0110532
176 0.0112111
177 0.011369
178 0.0115269
180 0.0116848
181 0.0118427
182 0.0120006
185 0.0121585
189 0.0123164
190 0.0124743
191 0.0126322
193 0.0127901
195 0.012948
196 0.013106
198 0.0132639
199 0.0134218
201 0.0135797
203 0.0137376
209 0.0138955
213 0.0140534
214 0.0142113
217 0.0143692
219 0.0145271
220 0.014685
223 0.0148429
225 0.0150008
226 0.0151587
227 0.0153166
228 0.0154745
232 0.0156324
234 0.0157903
236 0.0159482
239 0.0161061
240 0.016264
241 0.0164219
243 0.0165798
245 0.0167377
247 0.0168956
248 0.0170535
249 0.0172114
250 0.0173693
254 0.0175272
259 0.0176851
261 0.017843
264 0.0180009
266 0.0181589
269 0.0183168
270 0.0184747
272 0.0186326
273 0.0187905
275 0.0189484
276 0.0191063
277 0.0192642
278 0.0194221
279 0.01958
282 0.0197379
283 0.0198958
284 0.0200537
286 0.0202116
287 0.0203695
289 0.0205274
290 0.0206853
293 0.0208432
294 0.0210011
295 0.021159
296 0.0213169
297 0.0214748
298 0.0216327
300 0.0217906
303 0.0219485
304 0.0221064
307 0.0222643
308 0.0224222
309 0.0225801
310 0.022738
311 0.0228959
313 0.0230538
314 0.0232117
315 0.0233697
316 0.0235276
317 0.0236855
318 0.0238434
319 0.0240013
320 0.0241592
321 0.0243171
323 0.024475
324 0.0246329
326 0.0247908
327 0.0249487
328 0.0251066
331 0.0252645
335 0.0254224
337 0.0255803
338 0.0257382
339 0.0258961
341 0.026054
343 0.0262119
344 0.0263698
345 0.0265277
346 0.0266856
347 0.0268435
348 0.0270014
349 0.0271593
350 0.0273172
351 0.0274751
352 0.027633
353 0.0277909
354 0.0279488
355 0.0281067
356 0.0282646
359 0.0284225
360 0.0285805
362 0.0287384
365 0.0288963
367 0.0290542
368 0.0292121
369 0.02937
371 0.0295279
372 0.0296858
373 0.0298437
375 0.0300016
377 0.0301595
381 0.0303174
384 0.0304753
385 0.0306332
386 0.0307911
387 0.030949
390 0.0311069
395 0.0312648
396 0.0314227
398 0.0315806
399 0.0317385
400 0.0318964
401 0.0320543
403 0.0322122
406 0.0323701
407 0.032528
408 0.0326859
410 0.0328438
412 0.0330017
413 0.0331596
414 0.0333175
419 0.0334754
420 0.0336333
421 0.0337913
423 0.0339492
425 0.0341071
426 0.034265
428 0.0344229
430 0.0345808
431 0.0347387
433 0.0348966
434 0.0350545
435 0.0352124
436 0.0353703
437 0.0355282
440 0.0356861
441 0.035844
442 0.0360019
443 0.0361598
444 0.0363177
446 0.0364756
447 0.0366335
449 0.0367914
453 0.0369493
454 0.0371072
455 0.0372651
456 0.037423
458 0.0375809
460 0.0377388
461 0.0378967
464 0.0380546
467 0.0382125
468 0.0383704
469 0.0385283
471 0.0386862
472 0.0388441
473 0.0390021
474 0.03916
475 0.0393179
478 0.0394758
481 0.0396337
483 0.0397916
484 0.0399495
485 0.0401074
488 0.0402653
489 0.0404232
492 0.0405811
493 0.040739
495 0.0408969
497 0.0410548
498 0.0412127
499 0.0413706
502 0.0415285
503 0.0416864
504 0.0418443
506 0.0420022
507 0.0421601
509 0.042318
510 0.0424759
511 0.0426338
512 0.0427917
515 0.0429496
516 0.0431075
518 0.0432654
519 0.0434233
520 0.0435812
521 0.0437391
523 0.043897
524 0.044055
525 0.0442129
530 0.0443708
531 0.0445287
533 0.0446866
536 0.0448445
538 0.0450024
542 0.0451603
545 0.0453182
546 0.0454761
548 0.045634
551 0.0457919
552 0.0459498
558 0.0461077
559 0.0462656
562 0.0464235
564 0.0465814
566 0.0467393
568 0.0468972
569 0.0470551
570 0.047213
572 0.0473709
573 0.0475288
575 0.0476867
577 0.0478446
578 0.0480025
579 0.0481604
581 0.0483183
582 0.0484762
584 0.0486341
587 0.048792
588 0.0489499
589 0.0491078
592 0.0492658
593 0.0494237
594 0.0495816
597 0.0497395
598 0.0498974
599 0.0500553
601 0.0502132
602 0.0503711
603 0.050529
604 0.0506869
606 0.0508448
607 0.0510027
608 0.0511606
610 0.0513185
611 0.0514764
612 0.0516343
613 0.0517922
615 0.0519501
617 0.052108
618 0.0522659
619 0.0524238
620 0.0525817
622 0.0527396
623 0.0528975
624 0.0530554
626 0.0532133
627 0.0533712
628 0.0535291
629 0.053687
630 0.0538449
631 0.0540028
632 0.0541607
635 0.0543186
639 0.0544766
642 0.0546345
644 0.0547924
645 0.0549503
648 0.0551082
649 0.0552661
653 0.055424
654 0.0555819
657 0.0557398
658 0.0558977
659 0.0560556
660 0.0562135
662 0.0563714
663 0.0565293
664 0.0566872
665 0.0568451
666 0.057003
667 0.0571609
668 0.0573188
669 0.0574767
670 0.0576346
672 0.0577925
673 0.0579504
674 0.0581083
675 0.0582662
676 0.0584241
677 0.058582
679 0.0587399
680 0.0588978
681 0.0590557
682 0.0592136
683 0.0593715
684 0.0595294
687 0.0596874
688 0.0598453
689 0.0600032
690 0.0601611
691 0.060319
692 0.0604769
695 0.0606348
697 0.0607927
699 0.0609506
701 0.0611085
702 0.0612664
705 0.0614243
707 0.0615822
709 0.0617401
711 0.061898
712 0.0620559
713 0.0622138
714 0.0623717
715 0.0625296
717 0.0626875
718 0.0628454
719 0.0630033
722 0.0631612
723 0.0633191
724 0.063477
727 0.0636349
732 0.0637928
733 0.0639507
735 0.0641086
736 0.0642665
737 0.0644244
738 0.0645823
739 0.0647402
740 0.0648982
742 0.0650561
746 0.065214
749 0.0653719
750 0.0655298
751 0.0656877
752 0.0658456
753 0.0660035
754 0.0661614
756 0.0663193
758 0.0664772
761 0.0666351
763 0.066793
764 0.0669509
766 0.0671088
767 0.0672667
768 0.0674246
770 0.0675825
771 0.0677404
773 0.0678983
775 0.0680562
777 0.0682141
778 0.068372
779 0.0685299
780 0.0686878
784 0.0688457
787 0.0690036
788 0.0691615
789 0.0693194
790 0.0694773
791 0.0696352
792 0.0697931
794 0.0699511
797 0.070109
799 0.0702669
802 0.0704248
803 0.0705827
804 0.0707406
805 0.0708985
808 0.0710564
809 0.0712143
810 0.0713722
813 0.0715301
814 0.071688
816 0.0718459
820 0.0720038
824 0.0721617
825 0.0723196
826 0.0724775
828 0.0726354
829 0.0727933
830 0.0729512
832 0.0731091
833 0.073267
835 0.0734249
836 0.0735828
838 0.0737407
839 0.0738986
840 0.0740565
841 0.0742144
842 0.0743723
843 0.0745302
845 0.0746881
847 0.074846
848 0.0750039
849 0.0751619
852 0.0753198
855 0.0754777
856 0.0756356
857 0.0757935
858 0.0759514
860 0.0761093
861 0.0762672
862 0.0764251
863 0.076583
864 0.0767409
866 0.0768988
867 0.0770567
868 0.0772146
870 0.0773725
873 0.0775304
874 0.0776883
875 0.0778462
878 0.0780041
880 0.078162
881 0.0783199
882 0.0784778
884 0.0786357
885 0.0787936
887 0.0789515
888 0.0791094
889 0.0792673
891 0.0794252
892 0.0795831
894 0.079741
896 0.0798989
898 0.0800568
899 0.0802147
901 0.0803727
902 0.0805306
905 0.0806885
907 0.0808464
909 0.0810043
911 0.0811622
914 0.0813201
915 0.081478
918 0.0816359
921 0.0817938
923 0.0819517
925 0.0821096
926 0.0822675
930 0.0824254
931 0.0825833
933 0.0827412
934 0.0828991
935 0.083057
937 0.0832149
941 0.0833728
942 0.0835307
945 0.0836886
946 0.0838465
947 0.0840044
948 0.0841623
949 0.0843202
950 0.0844781
951 0.084636
953 0.0847939
954 0.0849518
958 0.0851097
960 0.0852676
961 0.0854255
962 0.0855835
963 0.0857414
964 0.0858993
965 0.0860572
966 0.0862151
967 0.086373
969 0.0865309
971 0.0866888
972 0.0868467
973 0.0870046
974 0.0871625
975 0.0873204
976 0.0874783
977 0.0876362
978 0.0877941
979 0.087952
980 0.0881099
982 0.0882678
983 0.0884257
984 0.0885836
986 0.0887415
988 0.0888994
990 0.0890573
992 0.0892152
993 0.0893731
995 0.089531
997 0.0896889
998 0.0898468
999 0.0900047
1000 0.0901626
1001 0.0903205
1004 0.0904784
1006 0.0906363
1007 0.0907943
1008 0.0909522
1009 0.0911101
1012 0.091268
1015 0.0914259
1016 0.0915838
1017 0.0917417
1018 0.0918996
1022 0.0920575
1024 0.0922154
1025 0.0923733
1026 0.0925312
1027 0.0926891
1028 0.092847
1029 0.0930049
1030 0.0931628
1031 0.0933207
1032 0.0934786
1035 0.0936365
1037 0.0937944
1039 0.0939523
1040 0.0941102
1041 0.0942681
1042 0.094426
1043 0.0945839
1045 0.0947418
1046 0.0948997
1048 0.0950576
1051 0.0952155
1055 0.0953734
1056 0.0955313
1058 0.0956892
1059 0.0958471
1063 0.0960051
1064 0.096163
1065 0.0963209
1067 0.0964788
1068 0.0966367
1069 0.0967946
1070 0.0969525
1071 0.0971104
1073 0.0972683
1074 0.0974262
1075 0.0975841
1076 0.097742
1077 0.0978999
1079 0.0980578
1082 0.0982157
1083 0.0983736
1084 0.0985315
1085 0.0986894
1088 0.0988473
1089 0.0990052
1092 0.0991631
1096 0.099321
1097 0.0994789
1098 0.0996368
1099 0.0997947
1100 0.0999526
1101 0.100111
1102 0.100268
1104 0.100426
1106 0.100584
1107 0.100742
1109 0.1009
1111 0.101058
1112 0.101216
1113 0.101374
1114 0.101532
1115 0.10169
1116 0.101847
1117 0.102005
1118 0.102163
1119 0.102321
1120 0.102479
1122 0.102637
1123 0.102795
1126 0.102953
1127 0.103111
1128 0.103269
1129 0.103426
1130 0.103584
1131 0.103742
1132 0.1039
1133 0.104058
1134 0.104216
1135 0.104374
1136 0.104532
1137 0.10469
1138 0.104848
1140 0.105006
1141 0.105163
1142 0.105321
1145 0.105479
1146 0.105637
1147 0.105795
1148 0.105953
1149 0.106111
1151 0.106269
1152 0.106427
1153 0.106585
1154 0.106742
1158 0.1069
1160 0.107058
1161 0.107216
1162 0.107374
1163 0.107532
1167 0.10769
1168 0.107848
1169 0.108006
1171 0.108164
1172 0.108321
1178 0.108479
1179 0.108637
1180 0.108795
1181 0.108953
1182 0.109111
1184 0.109269
1185 0.109427
1186 0.109585
1187 0.109743
1188 0.109901
1189 0.110058
1190 0.110216
1191 0.110374
1192 0.110532
1193 0.11069
1195 0.110848
1196 0.111006
1198 0.111164
1199 0.111322
1201 0.11148
1207 0.111637
1208 0.111795
1209 0.111953
1211 0.112111
1212 0.112269
1213 0.112427
1215 0.112585
1216 0.112743
1218 0.112901
1221 0.113059
1223 0.113216
1224 0.113374
1225 0.113532
1226 0.11369
1227 0.113848
1228 0.114006
1229 0.114164
1231 0.114322
1232 0.11448
1233 0.114638
1234 0.114796
1235 0.114953
1236 0.115111
1241 0.115269
1243 0.115427
1245 0.115585
1246 0.115743
1249 0.115901
1250 0.116059
1251 0.116217
1252 0.116375
1255 0.116532
1256 0.11669
1259 0.116848
1260 0.117006
1263 0.117164
1264 0.117322
1268 0.11748
1269 0.117638
1270 0.117796
1271 0.117954
1272 0.118111
1274 0.118269
1277 0.118427
1278 0.118585
1279 0.118743
1280 0.118901
1281 0.119059
1285 0.119217
1286 0.119375
1287 0.119533
1289 0.119691
1294 0.119848
1295 0.120006
1296 0.120164
1297 0.120322
1301 0.12048
1302 0.120638
1304 0.120796
1305 0.120954
1306 0.121112
1308 0.12127
1310 0.121427
1311 0.121585
1312 0.121743
1314 0.121901
1315 0.122059
1316 0.122217
1317 0.122375
1318 0.122533
1319 0.122691
1320 0.122849
1321 0.123006
1323 0.123164
1327 0.123322
1329 0.12348
1331 0.123638
1332 0.123796
1333 0.123954
1334 0.124112
1335 0.12427
1336 0.124428
1337 0.124586
1339 0.124743
1340 0.124901
1341 0.125059
1342 0.125217
1343 0.125375
1344 0.125533
1345 0.125691
1346 0.125849
1347 0.126007
1349 0.126165
1351 0.126322
1352 0.12648
1353 0.126638
1355 0.126796
1357 0.126954
1358 0.127112
1361 0.12727
1362 0.127428
1363 0.127586
1364 0.127744
1365 0.127901
1366 0.128059
1367 0.128217
1368 0.128375
1369 0.128533
1370 0.128691
1371 0.128849
1373 0.129007
1374 0.129165
1376 0.129323
1377 0.12948
1379 0.129638
1380 0.129796
1382 0.129954
1384 0.130112
1385 0.13027
1386 0.130428
1387 0.130586
1389 0.130744
1390 0.130902
1391 0.13106
1392 0.131217
1393 0.131375
1395 0.131533
1396 0.131691
1398 0.131849
1400 0.132007
1401 0.132165
1402 0.132323
1409 0.132481
1410 0.132639
1411 0.132796
1413 0.132954
1414 0.133112
1416 0.13327
1418 0.133428
1419 0.133586
1422 0.133744
1423 0.133902
1427 0.13406
1428 0.134218
1429 0.134375
1431 0.134533
1433 0.134691
1434 0.134849
1436 0.135007
1437 0.135165
1438 0.135323
1440 0.135481
1442 0.135639
1443 0.135797
1444 0.135955
1447 0.136112
1449 0.13627
1450 0.136428
1451 0.136586
1452 0.136744
1454 0.136902
1455 0.13706
1457 0.137218
1459 0.137376
1460 0.137534
1461 0.137691
1465 0.137849
1466 0.138007
1467 0.138165
1468 0.138323
1469 0.138481
1471 0.138639
1472 0.138797
1474 0.138955
1476 0.139113
1477 0.13927
1478 0.139428
1479 0.139586
1485 0.139744
1487 0.139902
1488 0.14006
1490 0.140218
1491 0.140376
1492 0.140534
1493 0.140692
1494 0.14085
1497 0.141007
1498 0.141165
1501 0.141323
1502 0.141481
1503 0.141639
1505 0.141797
1506 0.141955
1507 0.142113
1508 0.142271
1509 0.142429
1510 0.142586
1511 0.142744
1512 0.142902
1513 0.14306
1514 0.143218
1515 0.143376
1516 0.143534
1517 0.143692
1518 0.14385
1520 0.144008
1521 0.144165
1522 0.144323
1525 0.144481
1526 0.144639
1529 0.144797
1530 0.144955
1533 0.145113
1534 0.145271
1535 0.145429
1537 0.145587
1538 0.145745
1540 0.145902
1542 0.14606
1543 0.146218
1544 0.146376
1545 0.146534
1546 0.146692
1551 0.14685
1553 0.147008
1555 0.147166
1556 0.147324
1557 0.147481
1558 0.147639
1560 0.147797
1563 0.147955
1564 0.148113
1565 0.148271
1567 0.148429
1568 0.148587
1570 0.148745
1573 0.148903
1574 0.14906
1575 0.149218
1576 0.149376
1579 0.149534
1580 0.149692
1581 0.14985
1582 0.150008
1583 0.150166
1585 0.150324
1586 0.150482
1587 0.15064
1588 0.150797
1589 0.150955
1590 0.151113
1592 0.151271
1593 0.151429
1596 0.151587
1597 0.151745
1598 0.151903
1599 0.152061
1600 0.152219
1603 0.152376
1605 0.152534
1606 0.152692
1609 0.15285
1610 0.153008
1611 0.153166
1614 0.153324
1615 0.153482
1617 0.15364
1618 0.153798
1619 0.153955
1620 0.154113
1622 0.154271
1623 0.154429
1624 0.154587
1628 0.154745
1630 0.154903
1633 0.155061
1634 0.155219
1635 0.155377
1636 0.155535
1637 0.155692
1638 0.15585
1639 0.156008
1640 0.156166
1641 0.156324
1643 0.156482
1645 0.15664
1647 0.156798
1649 0.156956
1655 0.157114
1656 0.157271
1659 0.157429
1661 0.157587
1664 0.157745
1666 0.157903
1667 0.158061
1668 0.158219
1669 0.158377
1671 0.158535
1672 0.158693
1675 0.15885
1676 0.159008
1677 0.159166
1680 0.159324
1683 0.159482
1686 0.15964
1688 0.159798
1689 0.159956
1690 0.160114
1691 0.160272
1692 0.160429
1696 0.160587
1697 0.160745
1699 0.160903
1701 0.161061
1709 0.161219
1710 0.161377
1713 0.161535
1714 0.161693
1719 0.161851
1720 0.162009
1722 0.162166
1724 0.162324
1728 0.162482
1730 0.16264
1731 0.162798
1732 0.162956
1735 0.163114
1738 0.163272
1741 0.16343
1742 0.163588
1743 0.163745
1744 0.163903
1745 0.164061
1746 0.164219
1748 0.164377
1750 0.164535
1751 0.164693
1753 0.164851
1755 0.165009
1756 0.165167
1758 0.165324
1760 0.165482
1761 0.16564
1762 0.165798
1765 0.165956
1767 0.166114
1769 0.166272
1770 0.16643
1772 0.166588
1774 0.166746
1778 0.166904
1780 0.167061
1783 0.167219
1784 0.167377
1785 0.167535
1786 0.167693
1788 0.167851
1789 0.168009
1791 0.168167
1792 0.168325
1793 0.168483
1794 0.16864
1795 0.168798
1797 0.168956
1800 0.169114
1802 0.169272
1804 0.16943
1805 0.169588
1806 0.169746
1808 0.169904
1809 0.170062
1810 0.170219
1812 0.170377
1813 0.170535
1814 0.170693
1815 0.170851
1816 0.171009
1818 0.171167
1819 0.171325
1823 0.171483
1824 0.171641
1825 0.171799
1826 0.171956
1827 0.172114
1830 0.172272
1831 0.17243
1832 0.172588
1834 0.172746
1838 0.172904
1843 0.173062
1845 0.17322
1849 0.173378
1857 0.173535
1860 0.173693
1861 0.173851
1864 0.174009
1867 0.174167
1868 0.174325
1870 0.174483
1871 0.174641
1874 0.174799
1875 0.174957
1877 0.175114
1879 0.175272
1881 0.17543
1882 0.175588
1885 0.175746
1886 0.175904
1890 0.176062
1892 0.17622
1897 0.176378
1898 0.176536
1899 0.176694
1902 0.176851
1903 0.177009
1905 0.177167
1907 0.177325
1908 0.177483
1910 0.177641
1911 0.177799
1913 0.177957
1917 0.178115
1920 0.178273
1921 0.17843
1923 0.178588
1927 0.178746
1931 0.178904
1937 0.179062
1938 0.17922
1939 0.179378
1940 0.179536
1941 0.179694
1943 0.179852
1946 0.180009
1947 0.180167
1948 0.180325
1949 0.180483
1951 0.180641
1954 0.180799
1955 0.180957
1957 0.181115
1958 0.181273
1962 0.181431
1969 0.181589
1971 0.181746
1972 0.181904
1974 0.182062
1976 0.18222
1978 0.182378
1980 0.182536
1981 0.182694
1982 0.182852
1984 0.18301
1986 0.183168
1987 0.183325
1988 0.183483
1990 0.183641
1995 0.183799
1996 0.183957
1997 0.184115
1998 0.184273
2000 0.184431
2002 0.184589
2008 0.184747
2015 0.184904
2016 0.185062
2019 0.18522
2022 0.185378
2024 0.185536
2026 0.185694
2030 0.185852
2031 0.18601
2033 0.186168
2036 0.186326
2037 0.186483
2039 0.186641
2040 0.186799
2044 0.186957
2045 0.187115
2047 0.187273
2050 0.187431
2051 0.187589
2052 0.187747
2053 0.187905
2055 0.188063
2066 0.18822
2067 0.188378
2068 0.188536
2069 0.188694
2072 0.188852
2076 0.18901
2080 0.189168
2081 0.189326
2085 0.189484
2086 0.189642
2088 0.189799
2090 0.189957
2092 0.190115
2099 0.190273
2100 0.190431
2103 0.190589
2105 0.190747
2106 0.190905
2108 0.191063
2110 0.191221
2111 0.191378
2115 0.191536
2119 0.191694
2120 0.191852
2123 0.19201
2128 0.192168
2136 0.192326
2139 0.192484
2140 0.192642
2142 0.1928
2143 0.192958
2144 0.193115
2149 0.193273
2151 0.193431
2158 0.193589
2159 0.193747
2160 0.193905
2163 0.194063
2164 0.194221
2165 0.194379
2172 0.194537
2174 0.194694
2176 0.194852
2181 0.19501
2186 0.195168
2187 0.195326
2189 0.195484
2193 0.195642
2194 0.1958
2196 0.195958
2197 0.196116
2198 0.196273
2201 0.196431
2202 0.196589
2204 0.196747
2206 0.196905
2208 0.197063
2216 0.197221
2221 0.197379
2223 0.197537
2226 0.197695
2227 0.197853
2229 0.19801
2230 0.198168
2233 0.198326
2236 0.198484
2237 0.198642
2238 0.1988
2243 0.198958
2245 0.199116
2246 0.199274
2250 0.199432
2253 0.199589
2257 0.199747
2260 0.199905
2261 0.200063
2268 0.200221
2269 0.200379
2281 0.200537
2288 0.200695
2289 0.200853
2290 0.201011
2292 0.201168
2294 0.201326
2295 0.201484
2296 0.201642
2298 0.2018
2302 0.201958
2306 0.202116
2308 0.202274
2309 0.202432
2311 0.20259
2313 0.202748
2315 0.202905
2317 0.203063
2325 0.203221
2331 0.203379
2332 0.203537
2333 0.203695
2335 0.203853
2342 0.204011
2343 0.204169
2347 0.204327
2349 0.204484
2350 0.204642
2351 0.2048
2353 0.204958
2357 0.205116
2361 0.205274
2362 0.205432
2364 0.20559
2367 0.205748
2369 0.205906
2372 0.206063
2373 0.206221
2374 0.206379
2375 0.206537
2379 0.206695
2380 0.206853
2382 0.207011
2383 0.207169
2384 0.207327
2385 0.207485
2386 0.207643
2391 0.2078
2392 0.207958
2394 0.208116
2395 0.208274
2398 0.208432
2399 0.20859
2401 0.208748
2402 0.208906
2403 0.209064
2405 0.209222
2406 0.209379
2408 0.209537
2410 0.209695
2411 0.209853
2413 0.210011
2415 0.210169
2416 0.210327
2420 0.210485
2423 0.210643
2424 0.210801
2426 0.210958
2427 0.211116
2432 0.211274
2435 0.211432
2437 0.21159
2438 0.211748
2439 0.211906
2441 0.212064
2442 0.212222
2443 0.21238
2446 0.212538
2449 0.212695
2451 0.212853
2453 0.213011
2459 0.213169
2460 0.213327
2461 0.213485
2465 0.213643
2469 0.213801
2470 0.213959
2474 0.214117
2475 0.214274
2478 0.214432
2480 0.21459
2481 0.214748
2486 0.214906
2488 0.215064
2489 0.215222
2490 0.21538
2491 0.215538
2493 0.215696
2494 0.215853
2495 0.216011
2496 0.216169
2500 0.216327
2503 0.216485
2504 0.216643
2505 0.216801
2506 0.216959
2508 0.217117
2509 0.217275
2512 0.217432
2513 0.21759
2516 0.217748
2518 0.217906
2519 0.218064
2520 0.218222
2521 0.21838
2523 0.218538
2525 0.218696
2527 0.218854
2529 0.219012
2531 0.219169
2534 0.219327
2535 0.219485
2536 0.219643
2537 0.219801
2539 0.219959
2543 0.220117
2544 0.220275
2546 0.220433
2547 0.220591
2548 0.220748
2553 0.220906
2554 0.221064
2555 0.221222
2562 0.22138
2565 0.221538
2566 0.221696
2567 0.221854
2568 0.222012
2570 0.22217
2572 0.222327
2573 0.222485
2574 0.222643
2577 0.222801
2580 0.222959
2582 0.223117
2583 0.223275
2585 0.223433
2587 0.223591
2590 0.223749
2591 0.223907
2593 0.224064
2595 0.224222
2604 0.22438
2605 0.224538
2608 0.224696
2610 0.224854
2612 0.225012
2613 0.22517
2614 0.225328
2615 0.225486
2618 0.225643
2622 0.225801
2625 0.225959
2627 0.226117
2630 0.226275
2631 0.226433
2634 0.226591
2635 0.226749
2636 0.226907
2640 0.227065
2643 0.227222
2645 0.22738
2648 0.227538
2650 0.227696
2651 0.227854
2655 0.228012
2660 0.22817
2661 0.228328
2663 0.228486
2666 0.228644
2668 0.228802
2670 0.228959
2671 0.229117
2674 0.229275
2677 0.229433
2679 0.229591
2680 0.229749
2684 0.229907
2688 0.230065
2690 0.230223
2691 0.230381
2692 0.230538
2693 0.230696
2698 0.230854
2699 0.231012
2704 0.23117
2706 0.231328
2709 0.231486
2711 0.231644
2714 0.231802
2717 0.23196
2718 0.232117
2727 0.232275
2730 0.232433
2737 0.232591
2745 0.232749
2748 0.232907
2750 0.233065
2751 0.233223
2752 0.233381
2753 0.233539
2756 0.233697
2758 0.233854
2759 0.234012
2762 0.23417
2763 0.234328
2765 0.234486
2766 0.234644
2768 0.234802
2769 0.23496
2770 0.235118
2774 0.235276
2775 0.235433
2778 0.235591
2779 0.235749
2780 0.235907
2781 0.236065
2782 0.236223
2783 0.236381
2785 0.236539
2786 0.236697
2787 0.236855
2789 0.237012
2790 0.23717
2792 0.237328
2793 0.237486
2796 0.237644
2798 0.237802
2801 0.23796
2804 0.238118
2808 0.238276
2809 0.238434
2812 0.238592
2813 0.238749
2814 0.238907
2817 0.239065
2819 0.239223
2820 0.239381
2824 0.239539
2825 0.239697
2826 0.239855
2827 0.240013
2828 0.240171
2830 0.240328
2832 0.240486
2833 0.240644
2834 0.240802
2835 0.24096
2836 0.241118
2838 0.241276
2839 0.241434
2840 0.241592
2842 0.24175
2844 0.241907
2848 0.242065
2851 0.242223
2852 0.242381
2853 0.242539
2854 0.242697
2859 0.242855
2860 0.243013
2861 0.243171
2862 0.243329
2863 0.243486
2864 0.243644
2865 0.243802
2866 0.24396
2870 0.244118
2871 0.244276
2872 0.244434
2874 0.244592
2875 0.24475
2879 0.244908
2882 0.245066
2889 0.245223
2896 0.245381
2903 0.245539
2907 0.245697
2908 0.245855
2909 0.246013
2911 0.246171
2912 0.246329
2916 0.246487
2918 0.246645
2920 0.246802
2924 0.24696
2925 0.247118
2930 0.247276
2936 0.247434
2940 0.247592
2941 0.24775
2942 0.247908
2943 0.248066
2944 0.248224
2947 0.248381
2948 0.248539
2955 0.248697
2957 0.248855
2969 0.249013
2971 0.249171
2972 0.249329
2974 0.249487
2977 0.249645
2978 0.249803
2980 0.249961
2981 0.250118
2987 0.250276
2990 0.250434
2992 0.250592
2996 0.25075
2998 0.250908
3006 0.251066
3010 0.251224
3012 0.251382
3017 0.25154
3023 0.251697
3027 0.251855
3038 0.252013
3043 0.252171
3047 0.252329
3048 0.252487
3049 0.252645
3050 0.252803
3056 0.252961
3062 0.253119
3064 0.253276
3065 0.253434
3073 0.253592
3076 0.25375
3078 0.253908
3081 0.254066
3087 0.254224
3094 0.254382
3095 0.25454
3096 0.254698
3097 0.254856
3098 0.255013
3099 0.255171
3103 0.255329
3105 0.255487
3106 0.255645
3109 0.255803
3113 0.255961
3115 0.256119
3126 0.256277
3131 0.256435
3132 0.256592
3133 0.25675
3134 0.256908
3135 0.257066
3137 0.257224
3138 0.257382
3139 0.25754
3141 0.257698
3150 0.257856
3152 0.258014
3155 0.258171
3165 0.258329
3167 0.258487
3168 0.258645
3170 0.258803
3178 0.258961
3183 0.259119
3188 0.259277
3194 0.259435
3199 0.259593
3201 0.259751
3214 0.259908
3215 0.260066
3217 0.260224
3222 0.260382
3223 0.26054
3224 0.260698
3228 0.260856
3235 0.261014
3236 0.261172
3239 0.26133
3240 0.261487
3246 0.261645
3248 0.261803
3249 0.261961
3252 0.262119
3260 0.262277
3266 0.262435
3271 0.262593
3273 0.262751
3274 0.262909
3275 0.263066
3276 0.263224
3280 0.263382
3286 0.26354
3290 0.263698
3291 0.263856
3292 0.264014
3293 0.264172
3296 0.26433
3299 0.264488
3301 0.264646
3316 0.264803
3321 0.264961
3323 0.265119
3325 0.265277
3330 0.265435
3336 0.265593
3346 0.265751
3348 0.265909
3349 0.266067
3354 0.266225
3362 0.266382
3363 0.26654
3367 0.266698
3368 0.266856
3369 0.267014
3371 0.267172
3380 0.26733
3382 0.267488
3388 0.267646
3394 0.267804
3395 0.267961
3401 0.268119
3402 0.268277
3407 0.268435
3409 0.268593
3414 0.268751
3416 0.268909
3418 0.269067
3420 0.269225
3423 0.269383
3424 0.269541
3426 0.269698
3427 0.269856
3429 0.270014
3431 0.270172
3438 0.27033
3439 0.270488
3440 0.270646
3443 0.270804
3444 0.270962
3450 0.27112
3456 0.271277
3459 0.271435
3460 0.271593
3461 0.271751
3464 0.271909
3465 0.272067
3467 0.272225
3469 0.272383
3470 0.272541
3471 0.272699
3473 0.272856
3476 0.273014
3480 0.273172
3482 0.27333
3494 0.273488
3499 0.273646
3501 0.273804
3502 0.273962
3505 0.27412
3506 0.274278
3508 0.274435
3511 0.274593
3515 0.274751
3516 0.274909
3522 0.275067
3532 0.275225
3536 0.275383
3537 0.275541
3538 0.275699
3544 0.275857
3549 0.276015
3551 0.276172
3552 0.27633
3559 0.276488
3563 0.276646
3564 0.276804
3567 0.276962
3582 0.27712
3583 0.277278
3584 0.277436
3595 0.277594
3597 0.277751
3599 0.277909
3604 0.278067
3613 0.278225
3615 0.278383
3617 0.278541
3627 0.278699
3632 0.278857
3633 0.279015
3634 0.279173
3635 0.27933
3637 0.279488
3639 0.279646
3640 0.279804
3642 0.279962
3644 0.28012
3646 0.280278
3649 0.280436
3658 0.280594
3662 0.280752
3663 0.28091
3664 0.281067
3665 0.281225
3666 0.281383
3677 0.281541
3678 0.281699
3691 0.281857
3692 0.282015
3698 0.282173
3701 0.282331
3706 0.282489
3708 0.282646
3720 0.282804
3724 0.282962
3728 0.28312
3730 0.283278
3741 0.283436
3748 0.283594
3749 0.283752
3750 0.28391
3751 0.284068
3753 0.284225
3757 0.284383
3759 0.284541
3761 0.284699
3765 0.284857
3768 0.285015
3769 0.285173
3771 0.285331
3777 0.285489
3780 0.285647
3786 0.285805
3790 0.285962
3801 0.28612
3803 0.286278
3804 0.286436
3805 0.286594
3806 0.286752
3807 0.28691
3808 0.287068
3810 0.287226
3813 0.287384
3814 0.287541
3816 0.287699
3817 0.287857
3818 0.288015
3820 0.288173
3825 0.288331
3827 0.288489
3828 0.288647
3830 0.288805
3831 0.288963
3832 0.28912
3833 0.289278
3834 0.289436
3835 0.289594
3836 0.289752
3838 0.28991
3841 0.290068
3843 0.290226
3844 0.290384
3846 0.290542
3849 0.2907
3851 0.290857
3853 0.291015
3856 0.291173
3857 0.291331
3865 0.291489
3869 0.291647
3870 0.291805
3872 0.291963
3873 0.292121
3876 0.292279
3880 0.292436
3882 0.292594
3889 0.292752
3891 0.29291
3898 0.293068
3899 0.293226
3900 0.293384
3904 0.293542
3907 0.2937
3908 0.293858
3909 0.294015
3910 0.294173
3911 0.294331
3912 0.294489
3914 0.294647
3915 0.294805
3916 0.294963
3917 0.295121
3918 0.295279
3919 0.295437
3920 0.295595
3921 0.295752
3924 0.29591
3925 0.296068
3927 0.296226
3929 0.296384
3931 0.296542
3932 0.2967
3936 0.296858
3937 0.297016
3938 0.297174
3939 0.297331
3948 0.297489
3950 0.297647
3953 0.297805
3955 0.297963
3956 0.298121
3957 0.298279
3960 0.298437
3961 0.298595
3962 0.298753
3963 0.29891
3965 0.299068
3966 0.299226
3967 0.299384
3969 0.299542
3974 0.2997
3976 0.299858
3986 0.300016
3989 0.300174
3993 0.300332
3995 0.300489
3996 0.300647
3997 0.300805
3998 0.300963
3999 0.301121
4002 0.301279
4007 0.301437
4012 0.301595
4015 0.301753
4018 0.301911
4019 0.302069
4032 0.302226
4035 0.302384
4037 0.302542
4041 0.3027
4044 0.302858
4045 0.303016
4046 0.303174
4047 0.303332
4049 0.30349
4050 0.303648
4063 0.303805
4064 0.303963
4069 0.304121
4071 0.304279
4078 0.304437
4079 0.304595
4080 0.304753
4085 0.304911
4088 0.305069
4089 0.305227
4092 0.305384
4093 0.305542
4094 0.3057
4095 0.305858
4096 0.306016
4097 0.306174
4098 0.306332
4103 0.30649
4111 0.306648
4118 0.306806
4120 0.306964
4123 0.307121
4127 0.307279
4129 0.307437
4130 0.307595
4132 0.307753
4136 0.307911
4141 0.308069
4146 0.308227
4147 0.308385
4148 0.308543
4150 0.3087
4153 0.308858
4169 0.309016
4171 0.309174
4186 0.309332
4190 0.30949
4192 0.309648
4194 0.309806
4196 0.309964
4202 0.310122
4246 0.310279
4251 0.310437
4252 0.310595
4262 0.310753
4271 0.310911
4273 0.311069
4293 0.311227
4303 0.311385
4304 0.311543
4305 0.311701
4313 0.311859
4314 0.312016
4316 0.312174
4317 0.312332
4319 0.31249
4320 0.312648
4326 0.312806
4328 0.312964
4330 0.313122
4343 0.31328
4379 0.313438
4380 0.313595
4407 0.313753
4414 0.313911
4483 0.314069
4578 0.314227
4628 0.314385
4729 0.314543
4730 0.314701
4815 0.314859
4819 0.315017
4820 0.315174
4821 0.315332
4861 0.31549
4878 0.315648
4887 0.315806
4894 0.315964
4932 0.316122
4948 0.31628
4949 0.316438
4965 0.316596
4982 0.316754
4992 0.316911
4994 0.317069
5036 0.317227
5049 0.317385
5054 0.317543
5065 0.317701
5074 0.317859
5081 0.318017
5088 0.318175
5089 0.318333
5104 0.31849
5124 0.318648
5139 0.318806
5146 0.318964
5150 0.319122
5152 0.31928
5161 0.319438
5166 0.319596
5169 0.319754
5178 0.319912
5182 0.320069
5186 0.320227
5189 0.320385
5191 0.320543
5214 0.320701
5222 0.320859
5231 0.321017
5237 0.321175
5239 0.321333
5247 0.321491
5251 0.321649
5253 0.321806
5254 0.321964
5270 0.322122
5280 0.32228
5283 0.322438
5284 0.322596
5288 0.322754
5289 0.322912
5291 0.32307
5295 0.323228
5297 0.323385
5310 0.323543
5311 0.323701
5313 0.323859
5318 0.324017
5323 0.324175
5324 0.324333
5326 0.324491
5329 0.324649
5334 0.324807
5338 0.324964
5344 0.325122
5345 0.32528
5351 0.325438
5353 0.325596
5358 0.325754
5360 0.325912
5361 0.32607
5362 0.326228
5364 0.326386
5371 0.326544
5372 0.326701
5381 0.326859
5384 0.327017
5385 0.327175
5392 0.327333
5400 0.327491
5401 0.327649
5404 0.327807
5416 0.327965
5419 0.328123
5422 0.32828
5426 0.328438
5428 0.328596
5430 0.328754
5433 0.328912
5439 0.32907
5448 0.329228
5467 0.329386
5468 0.329544
5470 0.329702
5478 0.329859
5479 0.330017
5480 0.330175
5482 0.330333
5483 0.330491
5484 0.330649
5486 0.330807
5487 0.330965
5490 0.331123
5492 0.331281
5501 0.331438
5502 0.331596
5507 0.331754
5512 0.331912
5522 0.33207
5523 0.332228
5525 0.332386
5526 0.332544
5542 0.332702
5546 0.33286
5549 0.333018
5553 0.333175
5555 0.333333
5564 0.333491
5572 0.333649
5573 0.333807
5575 0.333965
5577 0.334123
5591 0.334281
5593 0.334439
5595 0.334597
5596 0.334754
5600 0.334912
5611 0.33507
5612 0.335228
5623 0.335386
5624 0.335544
5625 0.335702
5627 0.33586
5634 0.336018
5636 0.336176
5638 0.336333
5639 0.336491
5641 0.336649
5642 0.336807
5645 0.336965
5657 0.337123
5658 0.337281
5660 0.337439
5662 0.337597
5663 0.337755
5664 0.337913
5666 0.33807
5668 0.338228
5678 0.338386
5681 0.338544
5682 0.338702
5688 0.33886
5701 0.339018
5719 0.339176
5724 0.339334
5726 0.339492
5730 0.339649
5733 0.339807
5736 0.339965
5737 0.340123
5745 0.340281
5746 0.340439
5748 0.340597
5757 0.340755
5765 0.340913
5767 0.341071
5769 0.341228
5772 0.341386
5773 0.341544
5774 0.341702
5784 0.34186
5785 0.342018
5789 0.342176
5791 0.342334
5794 0.342492
5795 0.34265
5797 0.342808
5802 0.342965
5808 0.343123
5812 0.343281
5813 0.343439
5814 0.343597
5815 0.343755
5817 0.343913
5819 0.344071
5821 0.344229
5823 0.344387
5825 0.344544
5826 0.344702
5828 0.34486
5830 0.345018
5832 0.345176
5834 0.345334
5837 0.345492
5838 0.34565
5839 0.345808
5840 0.345966
5841 0.346123
5842 0.346281
5846 0.346439
5861 0.346597
5862 0.346755
5866 0.346913
5869 0.347071
5872 0.347229
5878 0.347387
5881 0.347545
5883 0.347703
5886 0.34786
5888 0.348018
5895 0.348176
5896 0.348334
5897 0.348492
5900 0.34865
5902 0.348808
5903 0.348966
5908 0.349124
5909 0.349282
5913 0.349439
5914 0.349597
5915 0.349755
5916 0.349913
5917 0.350071
5928 0.350229
5929 0.350387
5932 0.350545
5937 0.350703
5938 0.350861
5939 0.351018
5940 0.351176
5943 0.351334
5945 0.351492
5947 0.35165
5950 0.351808
5951 0.351966
5952 0.352124
5958 0.352282
5962 0.35244
5964 0.352598
5965 0.352755
5967 0.352913
5969 0.353071
5971 0.353229
5975 0.353387
5985 0.353545
5986 0.353703
5987 0.353861
5988 0.354019
5989 0.354177
5990 0.354334
5996 0.354492
5997 0.35465
5998 0.354808
5999 0.354966
6001 0.355124
6002 0.355282
6003 0.35544
6004 0.355598
6005 0.355756
6007 0.355913
6017 0.356071
6019 0.356229
6023 0.356387
6027 0.356545
6031 0.356703
6036 0.356861
6037 0.357019
6038 0.357177
6039 0.357335
6042 0.357492
6043 0.35765
6045 0.357808
6051 0.357966
6052 0.358124
6053 0.358282
6057 0.35844
6060 0.358598
6066 0.358756
6067 0.358914
6068 0.359072
6070 0.359229
6071 0.359387
6073 0.359545
6077 0.359703
6078 0.359861
6080 0.360019
6081 0.360177
6082 0.360335
6083 0.360493
6086 0.360651
6087 0.360808
6088 0.360966
6089 0.361124
6091 0.361282
6102 0.36144
6105 0.361598
6108 0.361756
6111 0.361914
6112 0.362072
6113 0.36223
6114 0.362387
6117 0.362545
6118 0.362703
6121 0.362861
6124 0.363019
6125 0.363177
6127 0.363335
6128 0.363493
6133 0.363651
6134 0.363809
6136 0.363967
6140 0.364124
6145 0.364282
6146 0.36444
6150 0.364598
6151 0.364756
6154 0.364914
6158 0.365072
6159 0.36523
6160 0.365388
6162 0.365546
6163 0.365703
6164 0.365861
6166 0.366019
6170 0.366177
6173 0.366335
6174 0.366493
6176 0.366651
6178 0.366809
6182 0.366967
6183 0.367125
6184 0.367282
6187 0.36744
6191 0.367598
6196 0.367756
6200 0.367914
6201 0.368072
6210 0.36823
6215 0.368388
6216 0.368546
6218 0.368704
6219 0.368862
6223 0.369019
6224 0.369177
6227 0.369335
6228 0.369493
6236 0.369651
6240 0.369809
6242 0.369967
6243 0.370125
6248 0.370283
6252 0.370441
6253 0.370598
6254 0.370756
6255 0.370914
6257 0.371072
6258 0.37123
6259 0.371388
6260 0.371546
6263 0.371704
6265 0.371862
6267 0.37202
6269 0.372177
6272 0.372335
6273 0.372493
6276 0.372651
6278 0.372809
6280 0.372967
6281 0.373125
6283 0.373283
6284 0.373441
6286 0.373599
6287 0.373757
6288 0.373914
6289 0.374072
6292 0.37423
6293 0.374388
6301 0.374546
6304 0.374704
6305 0.374862
6307 0.37502
6309 0.375178
6311 0.375336
6312 0.375493
6313 0.375651
6316 0.375809
6317 0.375967
6319 0.376125
6322 0.376283
6323 0.376441
6326 0.376599
6331 0.376757
6332 0.376915
6335 0.377072
6338 0.37723
6340 0.377388
6345 0.377546
6346 0.377704
6347 0.377862
6349 0.37802
6350 0.378178
6351 0.378336
6355 0.378494
6363 0.378652
6364 0.378809
6365 0.378967
6366 0.379125
6367 0.379283
6372 0.379441
6373 0.379599
6376 0.379757
6377 0.379915
6378 0.380073
6380 0.380231
6381 0.380388
6382 0.380546
6384 0.380704
6385 0.380862
6389 0.38102
6396 0.381178
6398 0.381336
6399 0.381494
6401 0.381652
6404 0.38181
6406 0.381967
6408 0.382125
6412 0.382283
6414 0.382441
6419 0.382599
6420 0.382757
6423 0.382915
6424 0.383073
6426 0.383231
6428 0.383389
6430 0.383547
6432 0.383704
6433 0.383862
6439 0.38402
6440 0.384178
6443 0.384336
6444 0.384494
6446 0.384652
6447 0.38481
6448 0.384968
6452 0.385126
6453 0.385283
6456 0.385441
6457 0.385599
6458 0.385757
6459 0.385915
6463 0.386073
6470 0.386231
6471 0.386389
6472 0.386547
6473 0.386705
6474 0.386862
6475 0.38702
6476 0.387178
6481 0.387336
6482 0.387494
6483 0.387652
6484 0.38781
6485 0.387968
6486 0.388126
6488 0.388284
6494 0.388441
6495 0.388599
6496 0.388757
6498 0.388915
6500 0.389073
6502 0.389231
6504 0.389389
6506 0.389547
6509 0.389705
6514 0.389863
6515 0.390021
6516 0.390178
6517 0.390336
6519 0.390494
6520 0.390652
6521 0.39081
6528 0.390968
6532 0.391126
6533 0.391284
6538 0.391442
6540 0.3916
6542 0.391757
6543 0.391915
6544 0.392073
6547 0.392231
6548 0.392389
6550 0.392547
6551 0.392705
6552 0.392863
6553 0.393021
6556 0.393179
6559 0.393336
6560 0.393494
6561 0.393652
6562 0.39381
6563 0.393968
6564 0.394126
6566 0.394284
6568 0.394442
6569 0.3946
6571 0.394758
6572 0.394916
6573 0.395073
6574 0.395231
6576 0.395389
6582 0.395547
6584 0.395705
6586 0.395863
6591 0.396021
6592 0.396179
6593 0.396337
6594 0.396495
6595 0.396652
6596 0.39681
6599 0.396968
6600 0.397126
6601 0.397284
6602 0.397442
6604 0.3976
6605 0.397758
6606 0.397916
6612 0.398074
6613 0.398231
6617 0.398389
6618 0.398547
6620 0.398705
6621 0.398863
6622 0.399021
6624 0.399179
6625 0.399337
6627 0.399495
6629 0.399653
6631 0.399811
6634 0.399968
6638 0.400126
6639 0.400284
6640 0.400442
6641 0.4006
6643 0.400758
6645 0.400916
6646 0.401074
6649 0.401232
6652 0.40139
6653 0.401547
6654 0.401705
6655 0.401863
6656 0.402021
6658 0.402179
6661 0.402337
6662 0.402495
6664 0.402653
6666 0.402811
6667 0.402969
6670 0.403126
6671 0.403284
6674 0.403442
6676 0.4036
6684 0.403758
6690 0.403916
6691 0.404074
6696 0.404232
6702 0.40439
6706 0.404548
6707 0.404706
6709 0.404863
6711 0.405021
6712 0.405179
6713 0.405337
6714 0.405495
6720 0.405653
6721 0.405811
6723 0.405969
6724 0.406127
6726 0.406285
6728 0.406442
6730 0.4066
6731 0.406758
6732 0.406916
6734 0.407074
6739 0.407232
6741 0.40739
6742 0.407548
6743 0.407706
6748 0.407864
6749 0.408021
6752 0.408179
6753 0.408337
6754 0.408495
6755 0.408653
6756 0.408811
6758 0.408969
6760 0.409127
6761 0.409285
6762 0.409443
6765 0.409601
6768 0.409758
6777 0.409916
6778 0.410074
6779 0.410232
6780 0.41039
6781 0.410548
6784 0.410706
6786 0.410864
6788 0.411022
6789 0.41118
6790 0.411337
6792 0.411495
6793 0.411653
6794 0.411811
6795 0.411969
6796 0.412127
6798 0.412285
6799 0.412443
6801 0.412601
6802 0.412759
6803 0.412916
6804 0.413074
6808 0.413232
6809 0.41339
6813 0.413548
6815 0.413706
6819 0.413864
6822 0.414022
6823 0.41418
6824 0.414338
6825 0.414495
6827 0.414653
6831 0.414811
6832 0.414969
6834 0.415127
6835 0.415285
6840 0.415443
6842 0.415601
6843 0.415759
6845 0.415917
6846 0.416075
6847 0.416232
6848 0.41639
6849 0.416548
6855 0.416706
6856 0.416864
6857 0.417022
6858 0.41718
6859 0.417338
6860 0.417496
6861 0.417654
6862 0.417811
6863 0.417969
6864 0.418127
6865 0.418285
6867 0.418443
6872 0.418601
6873 0.418759
6874 0.418917
6876 0.419075
6880 0.419233
6881 0.41939
6883 0.419548
6884 0.419706
6889 0.419864
6890 0.420022
6891 0.42018
6892 0.420338
6893 0.420496
6897 0.420654
6902 0.420812
6903 0.42097
6904 0.421127
6905 0.421285
6906 0.421443
6907 0.421601
6908 0.421759
6911 0.421917
6913 0.422075
6916 0.422233
6918 0.422391
6920 0.422549
6921 0.422706
6922 0.422864
6923 0.423022
6924 0.42318
6925 0.423338
6926 0.423496
6927 0.423654
6928 0.423812
6929 0.42397
6930 0.424128
6931 0.424285
6935 0.424443
6937 0.424601
6938 0.424759
6939 0.424917
6940 0.425075
6941 0.425233
6942 0.425391
6944 0.425549
6948 0.425707
6949 0.425865
6950 0.426022
6951 0.42618
6952 0.426338
6954 0.426496
6955 0.426654
6957 0.426812
6958 0.42697
6962 0.427128
6965 0.427286
6966 0.427444
6968 0.427601
6969 0.427759
6972 0.427917
6975 0.428075
6976 0.428233
6980 0.428391
6982 0.428549
6983 0.428707
6984 0.428865
6987 0.429023
6988 0.42918
6990 0.429338
6991 0.429496
6992 0.429654
6993 0.429812
6995 0.42997
6996 0.430128
6997 0.430286
6998 0.430444
6999 0.430602
7000 0.43076
7002 0.430917
7003 0.431075
7004 0.431233
7005 0.431391
7006 0.431549
7007 0.431707
7008 0.431865
7009 0.432023
7010 0.432181
7012 0.432339
7016 0.432496
7018 0.432654
7019 0.432812
7022 0.43297
7024 0.433128
7025 0.433286
7026 0.433444
7030 0.433602
7035 0.43376
7037 0.433918
7038 0.434075
7041 0.434233
7043 0.434391
7044 0.434549
7045 0.434707
7046 0.434865
7050 0.435023
7055 0.435181
7057 0.435339
7058 0.435497
7059 0.435655
7060 0.435812
7062 0.43597
7066 0.436128
7070 0.436286
7072 0.436444
7075 0.436602
7078 0.43676
7080 0.436918
7081 0.437076
7082 0.437234
7084 0.437391
7085 0.437549
7087 0.437707
7088 0.437865
7089 0.438023
7091 0.438181
7092 0.438339
7093 0.438497
7097 0.438655
7098 0.438813
7102 0.43897
7105 0.439128
7108 0.439286
7109 0.439444
7110 0.439602
7111 0.43976
7113 0.439918
7114 0.440076
7115 0.440234
7118 0.440392
7119 0.44055
7120 0.440707
7121 0.440865
7122 0.441023
7124 0.441181
7125 0.441339
7126 0.441497
7127 0.441655
7129 0.441813
7130 0.441971
7131 0.442129
7132 0.442286
7133 0.442444
7134 0.442602
7135 0.44276
7136 0.442918
7137 0.443076
7143 0.443234
7144 0.443392
7146 0.44355
7148 0.443708
7150 0.443865
7151 0.444023
7152 0.444181
7153 0.444339
7154 0.444497
7155 0.444655
7161 0.444813
7163 0.444971
7169 0.445129
7170 0.445287
7172 0.445444
7173 0.445602
7175 0.44576
7176 0.445918
7179 0.446076
7180 0.446234
7182 0.446392
7185 0.44655
7192 0.446708
7193 0.446866
7194 0.447024
7196 0.447181
7199 0.447339
7200 0.447497
7203 0.447655
7207 0.447813
7208 0.447971
7211 0.448129
7213 0.448287
7215 0.448445
7216 0.448603
7217 0.44876
7218 0.448918
7225 0.449076
7226 0.449234
7227 0.449392
7228 0.44955
7229 0.449708
7230 0.449866
7231 0.450024
7235 0.450182
7237 0.450339
7238 0.450497
7239 0.450655
7241 0.450813
7242 0.450971
7243 0.451129
7244 0.451287
7245 0.451445
7246 0.451603
7248 0.451761
7249 0.451919
7253 0.452076
7256 0.452234
7266 0.452392
7268 0.45255
7269 0.452708
7270 0.452866
7276 0.453024
7277 0.453182
7278 0.45334
7279 0.453498
7280 0.453655
7284 0.453813
7285 0.453971
7290 0.454129
7292 0.454287
7293 0.454445
7297 0.454603
7298 0.454761
7300 0.454919
7303 0.455077
7305 0.455234
7307 0.455392
7308 0.45555
7310 0.455708
7312 0.455866
7316 0.456024
7317 0.456182
7318 0.45634
7319 0.456498
7321 0.456656
7322 0.456814
7328 0.456971
7331 0.457129
7335 0.457287
7337 0.457445
7341 0.457603
7343 0.457761
7345 0.457919
7346 0.458077
7347 0.458235
7348 0.458393
7350 0.45855
7351 0.458708
7353 0.458866
7355 0.459024
7356 0.459182
7357 0.45934
7358 0.459498
7359 0.459656
7360 0.459814
7361 0.459972
7362 0.460129
7363 0.460287
7364 0.460445
7366 0.460603
7367 0.460761
7370 0.460919
7373 0.461077
7374 0.461235
7375 0.461393
7378 0.461551
7381 0.461709
7383 0.461866
7384 0.462024
7385 0.462182
7386 0.46234
7387 0.462498
7390 0.462656
7391 0.462814
7392 0.462972
7393 0.46313
7396 0.463288
7397 0.463445
7399 0.463603
7404 0.463761
7407 0.463919
7408 0.464077
7409 0.464235
7411 0.464393
7412 0.464551
7413 0.464709
7417 0.464867
7419 0.465024
7420 0.465182
7422 0.46534
7423 0.465498
7425 0.465656
7428 0.465814
7431 0.465972
7432 0.46613
7433 0.466288
7434 0.466446
7437 0.466604
7438 0.466761
7442 0.466919
7443 0.467077
7444 0.467235
7451 0.467393
7452 0.467551
7453 0.467709
7456 0.467867
7457 0.468025
7461 0.468183
7462 0.46834
7463 0.468498
7464 0.468656
7465 0.468814
7466 0.468972
7468 0.46913
7471 0.469288
7472 0.469446
7474 0.469604
7475 0.469762
7476 0.469919
7483 0.470077
7486 0.470235
7487 0.470393
7488 0.470551
7490 0.470709
7492 0.470867
7496 0.471025
7497 0.471183
7498 0.471341
7499 0.471498
7501 0.471656
7503 0.471814
7504 0.471972
7505 0.47213
7506 0.472288
7507 0.472446
7508 0.472604
7509 0.472762
7511 0.47292
7518 0.473078
7519 0.473235
7520 0.473393
7521 0.473551
7522 0.473709
7523 0.473867
7524 0.474025
7525 0.474183
7526 0.474341
7528 0.474499
7529 0.474657
7530 0.474814
7532 0.474972
7533 0.47513
7535 0.475288
7536 0.475446
7537 0.475604
7539 0.475762
7541 0.47592
7542 0.476078
7544 0.476236
7545 0.476393
7548 0.476551
7549 0.476709
7550 0.476867
7551 0.477025
7555 0.477183
7557 0.477341
7558 0.477499
7559 0.477657
7560 0.477815
7561 0.477973
7563 0.47813
7566 0.478288
7568 0.478446
7569 0.478604
7570 0.478762
7575 0.47892
7576 0.479078
7577 0.479236
7578 0.479394
7579 0.479552
7580 0.479709
7581 0.479867
7582 0.480025
7583 0.480183
7585 0.480341
7586 0.480499
7587 0.480657
7590 0.480815
7591 0.480973
7592 0.481131
7593 0.481288
7594 0.481446
7596 0.481604
7597 0.481762
7598 0.48192
7599 0.482078
7600 0.482236
7601 0.482394
7603 0.482552
7605 0.48271
7606 0.482868
7607 0.483025
7610 0.483183
7612 0.483341
7613 0.483499
7628 0.483657
7630 0.483815
7631 0.483973
7635 0.484131
7637 0.484289
7638 0.484447
7640 0.484604
7641 0.484762
7642 0.48492
7643 0.485078
7645 0.485236
7647 0.485394
7649 0.485552
7655 0.48571
7659 0.485868
7665 0.486026
7668 0.486183
7671 0.486341
7672 0.486499
7675 0.486657
7676 0.486815
7682 0.486973
7683 0.487131
7684 0.487289
7685 0.487447
7686 0.487605
7689 0.487763
7690 0.48792
7692 0.488078
7693 0.488236
7695 0.488394
7696 0.488552
7697 0.48871
7698 0.488868
7699 0.489026
7700 0.489184
7701 0.489342
7702 0.489499
7704 0.489657
7705 0.489815
7706 0.489973
7707 0.490131
7708 0.490289
7709 0.490447
7713 0.490605
7714 0.490763
7715 0.490921
7718 0.491078
7719 0.491236
7721 0.491394
7723 0.491552
7724 0.49171
7725 0.491868
7727 0.492026
7728 0.492184
7731 0.492342
7732 0.4925
7733 0.492658
7737 0.492815
7738 0.492973
7739 0.493131
7740 0.493289
7741 0.493447
7745 0.493605
7747 0.493763
7748 0.493921
7750 0.494079
7752 0.494237
7753 0.494394
7754 0.494552
7755 0.49471
7757 0.494868
7758 0.495026
7761 0.495184
7762 0.495342
7764 0.4955
7766 0.495658
7769 0.495816
7770 0.495973
7771 0.496131
7774 0.496289
7775 0.496447
7777 0.496605
7778 0.496763
7779 0.496921
7780 0.497079
7783 0.497237
7785 0.497395
7789 0.497553
7791 0.49771
7792 0.497868
7793 0.498026
7794 0.498184
7795 0.498342
7796 0.4985
7797 0.498658
7798 0.498816
7799 0.498974
7800 0.499132
7802 0.499289
7803 0.499447
7805 0.499605
7806 0.499763
7808 0.499921
7812 0.500079
7814 0.500237
7815 0.500395
7816 0.500553
7817 0.500711
7818 0.500868
7819 0.501026
7822 0.501184
7825 0.501342
7826 0.5015
7827 0.501658
7828 0.501816
7829 0.501974
7832 0.502132
7833 0.50229
7835 0.502447
7836 0.502605
7837 0.502763
7838 0.502921
7839 0.503079
7844 0.503237
7845 0.503395
7847 0.503553
7848 0.503711
7852 0.503869
7854 0.504027
7855 0.504184
7861 0.504342
7862 0.5045
7863 0.504658
7864 0.504816
7867 0.504974
7871 0.505132
7872 0.50529
7873 0.505448
7874 0.505606
7878 0.505763
7879 0.505921
7880 0.506079
7890 0.506237
7895 0.506395
7899 0.506553
7904 0.506711
7905 0.506869
7906 0.507027
7909 0.507185
7913 0.507342
7914 0.5075
7915 0.507658
7920 0.507816
7921 0.507974
7922 0.508132
7923 0.50829
7924 0.508448
7927 0.508606
7928 0.508764
7929 0.508922
7932 0.509079
7933 0.509237
7934 0.509395
7935 0.509553
7936 0.509711
7937 0.509869
7942 0.510027
7943 0.510185
7944 0.510343
7945 0.510501
7949 0.510658
7950 0.510816
7953 0.510974
7954 0.511132
7956 0.51129
7959 0.511448
7960 0.511606
7961 0.511764
7962 0.511922
7964 0.51208
7968 0.512237
7969 0.512395
7970 0.512553
7971 0.512711
7973 0.512869
7974 0.513027
7975 0.513185
7976 0.513343
7977 0.513501
7978 0.513659
7979 0.513817
7980 0.513974
7981 0.514132
7982 0.51429
7983 0.514448
7988 0.514606
7989 0.514764
7990 0.514922
7991 0.51508
7992 0.515238
7993 0.515396
7994 0.515553
7995 0.515711
7998 0.515869
8001 0.516027
8003 0.516185
8004 0.516343
8005 0.516501
8007 0.516659
8009 0.516817
8011 0.516975
8013 0.517132
8016 0.51729
8018 0.517448
8020 0.517606
8021 0.517764
8024 0.517922
8026 0.51808
8030 0.518238
8033 0.518396
8036 0.518554
8037 0.518712
8039 0.518869
8041 0.519027
8042 0.519185
8043 0.519343
8044 0.519501
8045 0.519659
8046 0.519817
8047 0.519975
8049 0.520133
8050 0.520291
8053 0.520448
8058 0.520606
8059 0.520764
8060 0.520922
8061 0.52108
8062 0.521238
8064 0.521396
8065 0.521554
8066 0.521712
8069 0.52187
8071 0.522027
8073 0.522185
8074 0.522343
8075 0.522501
8076 0.522659
8077 0.522817
8079 0.522975
8080 0.523133
8081 0.523291
8083 0.523449
8085 0.523607
8086 0.523764
8088 0.523922
8089 0.52408
8092 0.524238
8094 0.524396
8096 0.524554
8099 0.524712
8103 0.52487
8105 0.525028
8107 0.525186
8108 0.525343
8109 0.525501
8112 0.525659
8113 0.525817
8114 0.525975
8116 0.526133
8117 0.526291
8119 0.526449
8120 0.526607
8122 0.526765
8123 0.526922
8124 0.52708
8125 0.527238
8128 0.527396
8129 0.527554
8130 0.527712
8131 0.52787
8134 0.528028
8136 0.528186
8137 0.528344
8138 0.528502
8141 0.528659
8142 0.528817
8144 0.528975
8145 0.529133
8146 0.529291
8147 0.529449
8148 0.529607
8151 0.529765
8155 0.529923
8157 0.530081
8158 0.530238
8159 0.530396
8160 0.530554
8163 0.530712
8164 0.53087
8165 0.531028
8166 0.531186
8167 0.531344
8168 0.531502
8170 0.53166
8171 0.531817
8172 0.531975
8173 0.532133
8177 0.532291
8180 0.532449
8181 0.532607
8183 0.532765
8184 0.532923
8191 0.533081
8192 0.533239
8193 0.533396
8194 0.533554
8195 0.533712
8198 0.53387
8202 0.534028
8204 0.534186
8206 0.534344
8207 0.534502
8208 0.53466
8209 0.534818
8210 0.534976
8211 0.535133
8212 0.535291
8214 0.535449
8215 0.535607
8216 0.535765
8217 0.535923
8218 0.536081
8219 0.536239
8220 0.536397
8221 0.536555
8222 0.536712
8225 0.53687
8226 0.537028
8227 0.537186
8228 0.537344
8230 0.537502
8231 0.53766
8234 0.537818
8238 0.537976
8239 0.538134
8241 0.538291
8243 0.538449
8245 0.538607
8249 0.538765
8250 0.538923
8251 0.539081
8254 0.539239
8257 0.539397
8259 0.539555
8261 0.539713
8263 0.539871
8264 0.540028
8267 0.540186
8268 0.540344
8271 0.540502
8272 0.54066
8273 0.540818
8275 0.540976
8277 0.541134
8279 0.541292
8280 0.54145
8281 0.541607
8282 0.541765
8283 0.541923
8284 0.542081
8285 0.542239
8286 0.542397
8287 0.542555
8288 0.542713
8293 0.542871
8295 0.543029
8297 0.543186
8298 0.543344
8301 0.543502
8302 0.54366
8303 0.543818
8304 0.543976
8305 0.544134
8306 0.544292
8309 0.54445
8310 0.544608
8311 0.544766
8312 0.544923
8313 0.545081
8315 0.545239
8316 0.545397
8319 0.545555
8320 0.545713
8321 0.545871
8322 0.546029
8323 0.546187
8324 0.546345
8326 0.546502
8327 0.54666
8328 0.546818
8330 0.546976
8331 0.547134
8333 0.547292
8334 0.54745
8335 0.547608
8336 0.547766
8337 0.547924
8338 0.548081
8341 0.548239
8346 0.548397
8349 0.548555
8353 0.548713
8354 0.548871
8357 0.549029
8360 0.549187
8361 0.549345
8362 0.549503
8364 0.549661
8366 0.549818
8367 0.549976
8369 0.550134
8371 0.550292
8372 0.55045
8373 0.550608
8374 0.550766
8376 0.550924
8379 0.551082
8380 0.55124
8383 0.551397
8384 0.551555
8385 0.551713
8386 0.551871
8387 0.552029
8388 0.552187
8390 0.552345
8392 0.552503
8394 0.552661
8395 0.552819
8400 0.552976
8401 0.553134
8402 0.553292
8403 0.55345
8404 0.553608
8405 0.553766
8406 0.553924
8407 0.554082
8408 0.55424
8409 0.554398
8410 0.554556
8412 0.554713
8413 0.554871
8414 0.555029
8416 0.555187
8417 0.555345
8418 0.555503
8421 0.555661
8422 0.555819
8423 0.555977
8424 0.556135
8426 0.556292
8427 0.55645
8429 0.556608
8430 0.556766
8431 0.556924
8433 0.557082
8434 0.55724
8436 0.557398
8437 0.557556
8438 0.557714
8439 0.557871
8440 0.558029
8441 0.558187
8443 0.558345
8445 0.558503
8451 0.558661
8454 0.558819
8455 0.558977
8465 0.559135
8468 0.559293
8469 0.55945
8470 0.559608
8472 0.559766
8473 0.559924
8475 0.560082
8477 0.56024
8478 0.560398
8479 0.560556
8480 0.560714
8482 0.560872
8483 0.56103
8491 0.561187
8492 0.561345
8494 0.561503
8496 0.561661
8497 0.561819
8499 0.561977
8501 0.562135
8505 0.562293
8506 0.562451
8507 0.562609
8509 0.562766
8511 0.562924
8513 0.563082
8514 0.56324
8515 0.563398
8517 0.563556
8518 0.563714
8519 0.563872
8520 0.56403
8522 0.564188
8523 0.564345
8524 0.564503
8525 0.564661
8530 0.564819
8532 0.564977
8533 0.565135
8534 0.565293
8537 0.565451
8538 0.565609
8545 0.565767
8546 0.565925
8547 0.566082
8549 0.56624
8551 0.566398
8552 0.566556
8553 0.566714
8554 0.566872
8555 0.56703
8557 0.567188
8560 0.567346
8563 0.567504
8564 0.567661
8565 0.567819
8566 0.567977
8568 0.568135
8569 0.568293
8571 0.568451
8577 0.568609
8580 0.568767
8581 0.568925
8582 0.569083
8586 0.56924
8587 0.569398
8591 0.569556
8593 0.569714
8594 0.569872
8595 0.57003
8600 0.570188
8602 0.570346
8603 0.570504
8604 0.570662
8606 0.57082
8607 0.570977
8610 0.571135
8611 0.571293
8612 0.571451
8618 0.571609
8619 0.571767
8621 0.571925
8622 0.572083
8623 0.572241
8624 0.572399
8627 0.572556
8630 0.572714
8634 0.572872
8636 0.57303
8638 0.573188
8642 0.573346
8643 0.573504
8645 0.573662
8648 0.57382
8649 0.573978
8653 0.574135
8654 0.574293
8655 0.574451
8656 0.574609
8658 0.574767
8659 0.574925
8662 0.575083
8663 0.575241
8664 0.575399
8665 0.575557
8667 0.575715
8668 0.575872
8670 0.57603
8671 0.576188
8676 0.576346
8678 0.576504
8682 0.576662
8683 0.57682
8684 0.576978
8685 0.577136
8686 0.577294
8687 0.577451
8690 0.577609
8691 0.577767
8696 0.577925
8699 0.578083
8700 0.578241
8701 0.578399
8704 0.578557
8705 0.578715
8707 0.578873
8708 0.57903
8709 0.579188
8711 0.579346
8714 0.579504
8715 0.579662
8718 0.57982
8727 0.579978
8728 0.580136
8732 0.580294
8733 0.580452
8735 0.58061
8737 0.580767
8745 0.580925
8747 0.581083
8751 0.581241
8753 0.581399
8754 0.581557
8759 0.581715
8760 0.581873
8762 0.582031
8765 0.582189
8767 0.582346
8769 0.582504
8770 0.582662
8771 0.58282
8773 0.582978
8774 0.583136
8775 0.583294
8777 0.583452
8780 0.58361
8781 0.583768
8783 0.583925
8785 0.584083
8786 0.584241
8787 0.584399
8788 0.584557
8790 0.584715
8792 0.584873
8793 0.585031
8794 0.585189
8797 0.585347
8798 0.585505
8806 0.585662
8807 0.58582
8809 0.585978
8810 0.586136
8812 0.586294
8814 0.586452
8815 0.58661
8817 0.586768
8818 0.586926
8822 0.587084
8823 0.587241
8824 0.587399
8825 0.587557
8826 0.587715
8828 0.587873
8829 0.588031
8830 0.588189
8833 0.588347
8834 0.588505
8835 0.588663
8836 0.58882
8838 0.588978
8839 0.589136
8840 0.589294
8842 0.589452
8843 0.58961
8844 0.589768
8846 0.589926
8847 0.590084
8848 0.590242
8849 0.590399
8850 0.590557
8851 0.590715
8854 0.590873
8855 0.591031
8858 0.591189
8859 0.591347
8860 0.591505
8861 0.591663
8863 0.591821
8864 0.591979
8866 0.592136
8867 0.592294
8868 0.592452
8871 0.59261
8872 0.592768
8873 0.592926
8875 0.593084
8881 0.593242
8882 0.5934
8884 0.593558
8885 0.593715
8889 0.593873
8891 0.594031
8895 0.594189
8901 0.594347
8903 0.594505
8906 0.594663
8907 0.594821
8908 0.594979
8909 0.595137
8910 0.595294
8912 0.595452
8918 0.59561
8920 0.595768
8921 0.595926
8923 0.596084
8924 0.596242
8926 0.5964
8927 0.596558
8929 0.596716
8930 0.596874
8932 0.597031
8934 0.597189
8935 0.597347
8937 0.597505
8938 0.597663
8939 0.597821
8940 0.597979
8941 0.598137
8942 0.598295
8943 0.598453
8944 0.59861
8947 0.598768
8949 0.598926
8950 0.599084
8952 0.599242
8954 0.5994
8955 0.599558
8956 0.599716
8957 0.599874
8958 0.600032
8960 0.600189
8964 0.600347
8965 0.600505
8966 0.600663
8967 0.600821
8970 0.600979
8971 0.601137
8972 0.601295
8974 0.601453
8976 0.601611
8978 0.601769
8979 0.601926
8982 0.602084
8983 0.602242
8984 0.6024
8985 0.602558
8986 0.602716
8990 0.602874
8991 0.603032
8992 0.60319
8993 0.603348
8994 0.603505
8995 0.603663
8997 0.603821
8998 0.603979
8999 0.604137
9003 0.604295
9015 0.604453
9017 0.604611
9018 0.604769
9019 0.604927
9020 0.605084
9021 0.605242
9022 0.6054
9023 0.605558
9024 0.605716
9025 0.605874
9026 0.606032
9027 0.60619
9031 0.606348
9034 0.606506
9035 0.606664
9036 0.606821
9037 0.606979
9039 0.607137
9045 0.607295
9046 0.607453
9051 0.607611
9052 0.607769
9053 0.607927
9054 0.608085
9060 0.608243
9062 0.6084
9067 0.608558
9068 0.608716
9070 0.608874
9071 0.609032
9072 0.60919
9073 0.609348
9074 0.609506
9077 0.609664
9078 0.609822
9080 0.609979
9081 0.610137
9083 0.610295
9085 0.610453
9087 0.610611
9090 0.610769
9091 0.610927
9093 0.611085
9096 0.611243
9098 0.611401
9100 0.611559
9101 0.611716
9103 0.611874
9107 0.612032
9109 0.61219
9110 0.612348
9112 0.612506
9113 0.612664
9117 0.612822
9120 0.61298
9121 0.613138
9122 0.613295
9123 0.613453
9124 0.613611
9126 0.613769
9132 0.613927
9135 0.614085
9136 0.614243
9137 0.614401
9138 0.614559
9140 0.614717
9142 0.614874
9144 0.615032
9148 0.61519
9149 0.615348
9151 0.615506
9152 0.615664
9156 0.615822
9157 0.61598
9160 0.616138
9161 0.616296
9162 0.616453
9163 0.616611
9165 0.616769
9166 0.616927
9168 0.617085
9170 0.617243
9172 0.617401
9174 0.617559
9175 0.617717
9181 0.617875
9182 0.618033
9186 0.61819
9190 0.618348
9191 0.618506
9195 0.618664
9200 0.618822
9202 0.61898
9203 0.619138
9204 0.619296
9207 0.619454
9208 0.619612
9211 0.619769
9212 0.619927
9214 0.620085
9215 0.620243
9216 0.620401
9218 0.620559
9219 0.620717
9220 0.620875
9221 0.621033
9223 0.621191
9226 0.621348
9227 0.621506
9230 0.621664
9231 0.621822
9233 0.62198
9236 0.622138
9237 0.622296
9239 0.622454
9242 0.622612
9246 0.62277
9247 0.622928
9248 0.623085
9249 0.623243
9250 0.623401
9252 0.623559
9253 0.623717
9254 0.623875
9255 0.624033
9259 0.624191
9263 0.624349
9269 0.624507
9271 0.624664
9272 0.624822
9273 0.62498
9274 0.625138
9275 0.625296
9276 0.625454
9277 0.625612
9278 0.62577
9279 0.625928
9280 0.626086
9282 0.626243
9285 0.626401
9286 0.626559
9291 0.626717
9292 0.626875
9293 0.627033
9295 0.627191
9299 0.627349
9301 0.627507
9303 0.627665
9308 0.627823
9309 0.62798
9311 0.628138
9312 0.628296
9313 0.628454
9314 0.628612
9315 0.62877
9318 0.628928
9319 0.629086
9320 0.629244
9322 0.629402
9324 0.629559
9325 0.629717
9326 0.629875
9328 0.630033
9329 0.630191
9331 0.630349
9333 0.630507
9335 0.630665
9337 0.630823
9338 0.630981
9339 0.631138
9340 0.631296
9341 0.631454
9342 0.631612
9343 0.63177
9345 0.631928
9346 0.632086
9348 0.632244
9349 0.632402
9350 0.63256
9351 0.632718
9352 0.632875
9353 0.633033
9354 0.633191
9356 0.633349
9359 0.633507
9360 0.633665
9361 0.633823
9363 0.633981
9364 0.634139
9366 0.634297
9369 0.634454
9371 0.634612
9372 0.63477
9373 0.634928
9374 0.635086
9375 0.635244
9376 0.635402
9377 0.63556
9382 0.635718
9383 0.635876
9384 0.636033
9386 0.636191
9391 0.636349
9392 0.636507
9393 0.636665
9394 0.636823
9397 0.636981
9398 0.637139
9399 0.637297
9400 0.637455
9401 0.637613
9402 0.63777
9403 0.637928
9404 0.638086
9407 0.638244
9408 0.638402
9409 0.63856
9411 0.638718
9413 0.638876
9419 0.639034
9425 0.639192
9427 0.639349
9428 0.639507
9429 0.639665
9430 0.639823
9431 0.639981
9432 0.640139
9435 0.640297
9436 0.640455
9438 0.640613
9439 0.640771
9441 0.640928
9442 0.641086
9443 0.641244
9445 0.641402
9448 0.64156
9449 0.641718
9452 0.641876
9453 0.642034
9454 0.642192
9462 0.64235
9466 0.642508
9467 0.642665
9471 0.642823
9472 0.642981
9476 0.643139
9477 0.643297
9478 0.643455
9479 0.643613
9483 0.643771
9484 0.643929
9485 0.644087
9486 0.644244
9490 0.644402
9491 0.64456
9494 0.644718
9495 0.644876
9498 0.645034
9499 0.645192
9504 0.64535
9506 0.645508
9507 0.645666
9508 0.645823
9511 0.645981
9514 0.646139
9517 0.646297
9518 0.646455
9520 0.646613
9521 0.646771
9523 0.646929
9524 0.647087
9527 0.647245
9529 0.647402
9530 0.64756
9532 0.647718
9533 0.647876
9534 0.648034
9535 0.648192
9537 0.64835
9538 0.648508
9540 0.648666
9542 0.648824
9543 0.648982
9545 0.649139
9546 0.649297
9548 0.649455
9549 0.649613
9550 0.649771
9551 0.649929
9554 0.650087
9555 0.650245
9556 0.650403
9557 0.650561
9560 0.650718
9562 0.650876
9564 0.651034
9565 0.651192
9566 0.65135
9570 0.651508
9571 0.651666
9573 0.651824
9574 0.651982
9575 0.65214
9577 0.652297
9584 0.652455
9588 0.652613
9589 0.652771
9590 0.652929
9591 0.653087
9592 0.653245
9595 0.653403
9596 0.653561
9599 0.653719
9600 0.653877
9601 0.654034
9602 0.654192
9604 0.65435
9607 0.654508
9608 0.654666
9617 0.654824
9618 0.654982
9619 0.65514
9620 0.655298
9621 0.655456
9622 0.655613
9623 0.655771
9624 0.655929
9625 0.656087
9627 0.656245
9628 0.656403
9629 0.656561
9634 0.656719
9635 0.656877
9638 0.657035
9639 0.657192
9640 0.65735
9642 0.657508
9644 0.657666
9646 0.657824
9647 0.657982
9651 0.65814
9652 0.658298
9653 0.658456
9654 0.658614
9656 0.658772
9658 0.658929
9659 0.659087
9663 0.659245
9664 0.659403
9667 0.659561
9672 0.659719
9675 0.659877
9678 0.660035
9683 0.660193
9684 0.660351
9685 0.660508
9693 0.660666
9694 0.660824
9696 0.660982
9698 0.66114
9699 0.661298
9700 0.661456
9704 0.661614
9705 0.661772
9708 0.66193
9709 0.662087
9713 0.662245
9715 0.662403
9717 0.662561
9720 0.662719
9721 0.662877
9722 0.663035
9724 0.663193
9725 0.663351
9729 0.663509
9732 0.663667
9733 0.663824
9734 0.663982
9735 0.66414
9738 0.664298
9739 0.664456
9744 0.664614
9749 0.664772
9750 0.66493
9751 0.665088
9753 0.665246
9754 0.665403
9755 0.665561
9758 0.665719
9768 0.665877
9769 0.666035
9770 0.666193
9772 0.666351
9773 0.666509
9774 0.666667
9775 0.666825
9776 0.666982
9779 0.66714
9783 0.667298
9785 0.667456
9786 0.667614
9792 0.667772
9793 0.66793
9796 0.668088
9798 0.668246
9804 0.668404
9806 0.668562
9808 0.668719
9812 0.668877
9813 0.669035
9815 0.669193
9816 0.669351
9818 0.669509
9820 0.669667
9823 0.669825
9830 0.669983
9832 0.670141
9833 0.670298
9835 0.670456
9838 0.670614
9839 0.670772
9846 0.67093
9853 0.671088
9856 0.671246
9859 0.671404
9860 0.671562
9861 0.67172
9863 0.671877
9865 0.672035
9866 0.672193
9869 0.672351
9870 0.672509
9872 0.672667
9874 0.672825
9875 0.672983
9877 0.673141
9879 0.673299
9881 0.673456
9885 0.673614
9889 0.673772
9890 0.67393
9891 0.674088
9892 0.674246
9893 0.674404
9894 0.674562
9897 0.67472
9898 0.674878
9901 0.675036
9902 0.675193
9906 0.675351
9908 0.675509
9911 0.675667
9916 0.675825
9920 0.675983
9921 0.676141
9923 0.676299
9924 0.676457
9928 0.676615
9929 0.676772
9930 0.67693
9931 0.677088
9933 0.677246
9934 0.677404
9936 0.677562
9937 0.67772
9938 0.677878
9940 0.678036
9941 0.678194
9943 0.678351
9944 0.678509
9945 0.678667
9946 0.678825
9949 0.678983
9951 0.679141
9956 0.679299
9957 0.679457
9958 0.679615
9960 0.679773
9961 0.679931
9962 0.680088
9964 0.680246
9974 0.680404
9981 0.680562
9982 0.68072
9985 0.680878
9987 0.681036
9989 0.681194
9992 0.681352
9994 0.68151
10000 0.681667
10002 0.681825
10005 0.681983
10009 0.682141
10023 0.682299
10030 0.682457
10031 0.682615
10035 0.682773
10047 0.682931
10051 0.683089
10053 0.683246
10054 0.683404
10055 0.683562
10061 0.68372
10062 0.683878
10063 0.684036
10074 0.684194
10078 0.684352
10083 0.68451
10088 0.684668
10094 0.684826
10102 0.684983
10105 0.685141
10106 0.685299
10108 0.685457
10110 0.685615
10114 0.685773
10115 0.685931
10118 0.686089
10119 0.686247
10121 0.686405
10125 0.686562
10127 0.68672
10133 0.686878
10141 0.687036
10143 0.687194
10144 0.687352
10147 0.68751
10148 0.687668
10149 0.687826
10151 0.687984
10156 0.688141
10158 0.688299
10160 0.688457
10162 0.688615
10181 0.688773
10186 0.688931
10187 0.689089
10191 0.689247
10193 0.689405
10195 0.689563
10204 0.689721
10208 0.689878
10209 0.690036
10215 0.690194
10219 0.690352
10226 0.69051
10228 0.690668
10230 0.690826
10233 0.690984
10237 0.691142
10241 0.6913
10247 0.691457
10249 0.691615
10251 0.691773
10255 0.691931
10258 0.692089
10259 0.692247
10262 0.692405
10265 0.692563
10267 0.692721
10269 0.692879
10271 0.693036
10272 0.693194
10274 0.693352
10277 0.69351
10278 0.693668
10279 0.693826
10280 0.693984
10283 0.694142
10287 0.6943
10290 0.694458
10291 0.694616
10292 0.694773
10293 0.694931
10294 0.695089
10301 0.695247
10303 0.695405
10305 0.695563
10306 0.695721
10308 0.695879
10309 0.696037
10311 0.696195
10315 0.696352
10321 0.69651
10323 0.696668
10324 0.696826
10326 0.696984
10329 0.697142
10333 0.6973
10334 0.697458
10336 0.697616
10337 0.697774
10338 0.697931
10339 0.698089
10340 0.698247
10341 0.698405
10342 0.698563
10353 0.698721
10357 0.698879
10366 0.699037
10368 0.699195
10373 0.699353
10374 0.699511
10376 0.699668
10378 0.699826
10379 0.699984
10382 0.700142
10387 0.7003
10389 0.700458
10391 0.700616
10393 0.700774
10398 0.700932
10399 0.70109
10400 0.701247
10401 0.701405
10413 0.701563
10414 0.701721
10415 0.701879
10419 0.702037
10422 0.702195
10424 0.702353
10425 0.702511
10426 0.702669
10427 0.702826
10429 0.702984
10431 0.703142
10434 0.7033
10436 0.703458
10437 0.703616
10440 0.703774
10441 0.703932
10442 0.70409
10448 0.704248
10451 0.704405
10454 0.704563
10455 0.704721
10457 0.704879
10458 0.705037
10460 0.705195
10463 0.705353
10464 0.705511
10465 0.705669
10473 0.705827
10474 0.705985
10480 0.706142
10483 0.7063
10485 0.706458
10486 0.706616
10487 0.706774
10488 0.706932
10489 0.70709
10490 0.707248
10491 0.707406
10494 0.707564
10495 0.707721
10496 0.707879
10497 0.708037
10500 0.708195
10503 0.708353
10505 0.708511
10506 0.708669
10507 0.708827
10509 0.708985
10516 0.709143
10519 0.7093
10521 0.709458
10532 0.709616
10535 0.709774
10536 0.709932
10537 0.71009
10549 0.710248
10551 0.710406
10555 0.710564
10557 0.710722
10559 0.71088
10567 0.711037
10570 0.711195
10573 0.711353
10574 0.711511
10577 0.711669
10580 0.711827
10581 0.711985
10583 0.712143
10588 0.712301
10589 0.712459
10590 0.712616
10591 0.712774
10592 0.712932
10593 0.71309
10600 0.713248
10602 0.713406
10603 0.713564
10606 0.713722
10607 0.71388
10608 0.714038
10609 0.714195
10610 0.714353
10611 0.714511
10613 0.714669
10616 0.714827
10621 0.714985
10623 0.715143
10631 0.715301
10632 0.715459
10634 0.715617
10640 0.715775
10645 0.715932
10647 0.71609
10652 0.716248
10653 0.716406
10654 0.716564
10656 0.716722
10661 0.71688
10664 0.717038
10666 0.717196
10678 0.717354
10684 0.717511
10687 0.717669
10688 0.717827
10690 0.717985
10691 0.718143
10692 0.718301
10694 0.718459
10695 0.718617
10696 0.718775
10698 0.718933
10699 0.71909
10706 0.719248
10708 0.719406
10710 0.719564
10715 0.719722
10717 0.71988
10723 0.720038
10725 0.720196
10728 0.720354
10729 0.720512
10734 0.72067
10735 0.720827
10736 0.720985
10740 0.721143
10741 0.721301
10743 0.721459
10744 0.721617
10748 0.721775
10750 0.721933
10751 0.722091
10754 0.722249
10756 0.722406
10757 0.722564
10760 0.722722
10762 0.72288
10765 0.723038
10769 0.723196
10772 0.723354
10774 0.723512
10776 0.72367
10777 0.723828
10778 0.723985
10779 0.724143
10780 0.724301
10781 0.724459
10782 0.724617
10783 0.724775
10785 0.724933
10788 0.725091
10789 0.725249
10795 0.725407
10796 0.725565
10797 0.725722
10798 0.72588
10799 0.726038
10800 0.726196
10801 0.726354
10802 0.726512
10803 0.72667
10804 0.726828
10805 0.726986
10806 0.727144
10807 0.727301
10810 0.727459
10815 0.727617
10816 0.727775
10817 0.727933
10826 0.728091
10828 0.728249
10829 0.728407
10832 0.728565
10833 0.728723
10835 0.72888
10836 0.729038
10837 0.729196
10839 0.729354
10840 0.729512
10841 0.72967
10843 0.729828
10845 0.729986
10848 0.730144
10850 0.730302
10852 0.730459
10856 0.730617
10859 0.730775
10862 0.730933
10863 0.731091
10864 0.731249
10865 0.731407
10866 0.731565
10867 0.731723
10869 0.731881
10870 0.732039
10871 0.732196
10874 0.732354
10875 0.732512
10879 0.73267
10880 0.732828
10882 0.732986
10883 0.733144
10886 0.733302
10888 0.73346
10889 0.733618
10890 0.733775
10893 0.733933
10894 0.734091
10895 0.734249
10896 0.734407
10899 0.734565
10901 0.734723
10904 0.734881
10905 0.735039
10907 0.735197
10908 0.735354
10909 0.735512
10911 0.73567
10912 0.735828
10913 0.735986
10914 0.736144
10917 0.736302
10918 0.73646
10919 0.736618
10920 0.736776
10922 0.736934
10923 0.737091
10925 0.737249
10926 0.737407
10930 0.737565
10931 0.737723
10932 0.737881
10933 0.738039
10936 0.738197
10937 0.738355
10938 0.738513
10941 0.73867
10943 0.738828
10945 0.738986
10946 0.739144
10948 0.739302
10949 0.73946
10950 0.739618
10952 0.739776
10957 0.739934
10958 0.740092
10962 0.740249
10965 0.740407
10966 0.740565
10968 0.740723
10969 0.740881
10970 0.741039
10973 0.741197
10974 0.741355
10977 0.741513
10978 0.741671
10980 0.741829
10981 0.741986
10985 0.742144
10986 0.742302
10988 0.74246
10993 0.742618
10994 0.742776
10995 0.742934
11002 0.743092
11003 0.74325
11011 0.743408
11014 0.743565
11015 0.743723
11019 0.743881
11020 0.744039
11021 0.744197
11023 0.744355
11024 0.744513
11025 0.744671
11029 0.744829
11030 0.744987
11033 0.745144
11039 0.745302
11040 0.74546
11042 0.745618
11044 0.745776
11048 0.745934
11049 0.746092
11053 0.74625
11054 0.746408
11057 0.746566
11058 0.746724
11060 0.746881
11061 0.747039
11064 0.747197
11068 0.747355
11071 0.747513
11076 0.747671
11078 0.747829
11081 0.747987
11084 0.748145
11085 0.748303
11086 0.74846
11087 0.748618
11088 0.748776
11091 0.748934
11093 0.749092
11096 0.74925
11097 0.749408
11098 0.749566
11100 0.749724
11101 0.749882
11103 0.750039
11104 0.750197
11105 0.750355
11106 0.750513
11107 0.750671
11108 0.750829
11109 0.750987
11112 0.751145
11113 0.751303
11115 0.751461
11118 0.751619
11121 0.751776
11123 0.751934
11127 0.752092
11128 0.75225
11129 0.752408
11131 0.752566
11133 0.752724
11134 0.752882
11137 0.75304
11138 0.753198
11139 0.753355
11140 0.753513
11141 0.753671
11144 0.753829
11145 0.753987
11146 0.754145
11147 0.754303
11148 0.754461
11151 0.754619
11153 0.754777
11154 0.754934
11155 0.755092
11158 0.75525
11159 0.755408
11161 0.755566
11163 0.755724
11166 0.755882
11170 0.75604
11172 0.756198
11173 0.756356
11179 0.756514
11182 0.756671
11184 0.756829
11185 0.756987
11188 0.757145
11189 0.757303
11190 0.757461
11191 0.757619
11197 0.757777
11200 0.757935
11202 0.758093
11205 0.75825
11207 0.758408
11212 0.758566
11215 0.758724
11219 0.758882
11222 0.75904
11227 0.759198
11228 0.759356
11229 0.759514
11231 0.759672
11232 0.759829
11233 0.759987
11239 0.760145
11241 0.760303
11246 0.760461
11247 0.760619
11253 0.760777
11254 0.760935
11255 0.761093
11256 0.761251
11258 0.761408
11259 0.761566
11260 0.761724
11262 0.761882
11265 0.76204
11269 0.762198
11272 0.762356
11274 0.762514
11276 0.762672
11278 0.76283
11281 0.762988
11284 0.763145
11288 0.763303
11289 0.763461
11292 0.763619
11298 0.763777
11299 0.763935
11306 0.764093
11313 0.764251
11317 0.764409
11320 0.764567
11321 0.764724
11323 0.764882
11330 0.76504
11333 0.765198
11337 0.765356
11348 0.765514
11349 0.765672
11353 0.76583
11357 0.765988
11359 0.766146
11360 0.766303
11361 0.766461
11363 0.766619
11365 0.766777
11367 0.766935
11373 0.767093
11376 0.767251
11377 0.767409
11381 0.767567
11389 0.767725
11390 0.767883
11391 0.76804
11395 0.768198
11396 0.768356
11400 0.768514
11401 0.768672
11403 0.76883
11404 0.768988
11407 0.769146
11408 0.769304
11428 0.769462
11429 0.769619
11435 0.769777
11437 0.769935
11440 0.770093
11441 0.770251
11444 0.770409
11456 0.770567
11458 0.770725
11460 0.770883
11463 0.771041
11465 0.771198
11475 0.771356
11483 0.771514
11484 0.771672
11492 0.77183
11500 0.771988
11502 0.772146
11505 0.772304
11506 0.772462
11510 0.77262
11511 0.772778
11513 0.772935
11516 0.773093
11518 0.773251
11527 0.773409
11528 0.773567
11529 0.773725
11531 0.773883
11532 0.774041
11545 0.774199
11547 0.774357
11549 0.774514
11551 0.774672
11552 0.77483
11554 0.774988
11558 0.775146
11562 0.775304
11563 0.775462
11569 0.77562
11575 0.775778
11581 0.775936
11592 0.776093
11595 0.776251
11601 0.776409
11604 0.776567
11605 0.776725
11611 0.776883
11612 0.777041
11617 0.777199
11620 0.777357
11636 0.777515
11638 0.777673
11639 0.77783
11642 0.777988
11646 0.778146
11647 0.778304
11648 0.778462
11649 0.77862
11652 0.778778
11653 0.778936
11660 0.779094
11661 0.779252
11666 0.779409
11667 0.779567
11669 0.779725
11670 0.779883
11671 0.780041
11673 0.780199
11674 0.780357
11684 0.780515
11686 0.780673
11694 0.780831
11699 0.780988
11703 0.781146
11709 0.781304
11710 0.781462
11713 0.78162
11715 0.781778
11717 0.781936
11722 0.782094
11723 0.782252
11727 0.78241
11730 0.782568
11731 0.782725
11745 0.782883
11746 0.783041
11747 0.783199
11749 0.783357
11754 0.783515
11757 0.783673
11761 0.783831
11762 0.783989
11764 0.784147
11765 0.784304
11766 0.784462
11769 0.78462
11781 0.784778
11785 0.784936
11787 0.785094
11802 0.785252
11811 0.78541
11812 0.785568
11813 0.785726
11815 0.785883
11819 0.786041
11820 0.786199
11821 0.786357
11822 0.786515
11823 0.786673
11824 0.786831
11826 0.786989
11828 0.787147
11831 0.787305
11832 0.787462
11835 0.78762
11839 0.787778
11846 0.787936
11849 0.788094
11853 0.788252
11856 0.78841
11857 0.788568
11871 0.788726
11872 0.788884
11876 0.789042
11877 0.789199
11878 0.789357
11891 0.789515
11892 0.789673
11893 0.789831
11894 0.789989
11899 0.790147
11901 0.790305
11902 0.790463
11903 0.790621
11904 0.790778
11906 0.790936
11908 0.791094
11909 0.791252
11911 0.79141
11912 0.791568
11918 0.791726
11922 0.791884
11929 0.792042
11930 0.7922
11931 0.792357
11933 0.792515
11936 0.792673
11946 0.792831
11948 0.792989
11953 0.793147
11957 0.793305
11959 0.793463
11961 0.793621
11962 0.793779
11963 0.793937
11964 0.794094
11965 0.794252
11967 0.79441
11969 0.794568
11976 0.794726
11978 0.794884
11979 0.795042
11981 0.7952
11982 0.795358
11983 0.795516
11989 0.795673
11990 0.795831
11992 0.795989
11993 0.796147
11995 0.796305
11997 0.796463
12002 0.796621
12005 0.796779
12006 0.796937
12011 0.797095
12013 0.797252
12016 0.79741
12017 0.797568
12018 0.797726
12019 0.797884
12020 0.798042
12023 0.7982
12027 0.798358
12028 0.798516
12037 0.798674
12040 0.798832
12041 0.798989
12045 0.799147
12057 0.799305
12060 0.799463
12063 0.799621
12064 0.799779
12067 0.799937
12068 0.800095
12072 0.800253
12081 0.800411
12083 0.800568
12085 0.800726
12086 0.800884
12088 0.801042
12090 0.8012
12091 0.801358
12092 0.801516
12093 0.801674
12108 0.801832
12109 0.80199
12112 0.802147
12115 0.802305
12128 0.802463
12131 0.802621
12138 0.802779
12144 0.802937
12145 0.803095
12154 0.803253
12156 0.803411
12164 0.803569
12167 0.803727
12168 0.803884
12171 0.804042
12172 0.8042
12179 0.804358
12184 0.804516
12186 0.804674
12187 0.804832
12195 0.80499
12198 0.805148
12202 0.805306
12203 0.805463
12210 0.805621
12211 0.805779
12216 0.805937
12218 0.806095
12221 0.806253
12230 0.806411
12240 0.806569
12245 0.806727
12249 0.806885
12252 0.807042
12253 0.8072
12254 0.807358
12259 0.807516
12260 0.807674
12262 0.807832
12264 0.80799
12267 0.808148
12271 0.808306
12285 0.808464
12288 0.808622
12289 0.808779
12290 0.808937
12295 0.809095
12296 0.809253
12306 0.809411
12308 0.809569
12309 0.809727
12312 0.809885
12313 0.810043
12317 0.810201
12324 0.810358
12325 0.810516
12327 0.810674
12331 0.810832
12334 0.81099
12335 0.811148
12336 0.811306
12337 0.811464
12339 0.811622
12342 0.81178
12346 0.811937
12349 0.812095
12350 0.812253
12352 0.812411
12361 0.812569
12368 0.812727
12369 0.812885
12372 0.813043
12378 0.813201
12384 0.813359
12385 0.813517
12387 0.813674
12391 0.813832
12393 0.81399
12396 0.814148
12404 0.814306
12410 0.814464
12412 0.814622
12422 0.81478
12425 0.814938
12427 0.815096
12428 0.815253
12430 0.815411
12431 0.815569
12440 0.815727
12442 0.815885
12444 0.816043
12448 0.816201
12449 0.816359
12457 0.816517
12467 0.816675
12469 0.816832
12478 0.81699
12479 0.817148
12480 0.817306
12481 0.817464
12482 0.817622
12485 0.81778
12489 0.817938
12490 0.818096
12492 0.818254
12493 0.818411
12495 0.818569
12501 0.818727
12503 0.818885
12504 0.819043
12505 0.819201
12507 0.819359
12508 0.819517
12509 0.819675
12515 0.819833
12517 0.819991
12521 0.820148
12526 0.820306
12527 0.820464
12533 0.820622
12538 0.82078
12547 0.820938
12550 0.821096
12551 0.821254
12553 0.821412
12558 0.82157
12559 0.821727
12561 0.821885
12563 0.822043
12564 0.822201
12565 0.822359
12566 0.822517
12567 0.822675
12568 0.822833
12570 0.822991
12571 0.823149
12573 0.823306
12575 0.823464
12576 0.823622
12586 0.82378
12592 0.823938
12600 0.824096
12602 0.824254
12603 0.824412
12604 0.82457
12605 0.824728
12607 0.824886
12608 0.825043
12609 0.825201
12612 0.825359
12613 0.825517
12614 0.825675
12622 0.825833
12624 0.825991
12625 0.826149
12629 0.826307
12630 0.826465
12631 0.826622
12633 0.82678
12634 0.826938
12636 0.827096
12638 0.827254
12641 0.827412
12643 0.82757
12654 0.827728
12656 0.827886
12658 0.828044
12661 0.828201
12663 0.828359
12664 0.828517
12665 0.828675
12672 0.828833
12675 0.828991
12676 0.829149
12679 0.829307
12681 0.829465
12683 0.829623
12687 0.829781
12693 0.829938
12696 0.830096
12697 0.830254
12699 0.830412
12701 0.83057
12702 0.830728
12703 0.830886
12705 0.831044
12707 0.831202
12708 0.83136
12710 0.831517
12711 0.831675
12717 0.831833
12719 0.831991
12723 0.832149
12728 0.832307
12729 0.832465
12731 0.832623
12733 0.832781
12734 0.832939
12735 0.833096
12737 0.833254
12742 0.833412
12744 0.83357
12746 0.833728
12749 0.833886
12751 0.834044
12757 0.834202
12760 0.83436
12761 0.834518
12766 0.834676
12771 0.834833
12779 0.834991
12784 0.835149
12785 0.835307
12788 0.835465
12791 0.835623
12793 0.835781
12794 0.835939
12795 0.836097
12797 0.836255
12798 0.836412
12801 0.83657
12804 0.836728
12807 0.836886
12809 0.837044
12811 0.837202
12812 0.83736
12814 0.837518
12816 0.837676
12818 0.837834
12819 0.837991
12820 0.838149
12825 0.838307
12826 0.838465
12828 0.838623
12833 0.838781
12834 0.838939
12838 0.839097
12839 0.839255
12841 0.839413
12842 0.839571
12844 0.839728
12845 0.839886
12847 0.840044
12850 0.840202
12861 0.84036
12867 0.840518
12871 0.840676
12872 0.840834
12873 0.840992
12874 0.84115
12875 0.841307
12876 0.841465
12879 0.841623
12881 0.841781
12885 0.841939
12886 0.842097
12896 0.842255
12899 0.842413
12905 0.842571
12913 0.842729
12914 0.842886
12915 0.843044
12917 0.843202
12919 0.84336
12924 0.843518
12926 0.843676
12931 0.843834
12944 0.843992
12946 0.84415
12947 0.844308
12948 0.844465
12949 0.844623
12951 0.844781
12952 0.844939
12957 0.845097
12959 0.845255
12960 0.845413
12962 0.845571
12964 0.845729
12967 0.845887
12969 0.846045
12972 0.846202
12973 0.84636
12975 0.846518
12977 0.846676
12980 0.846834
12981 0.846992
12983 0.84715
12984 0.847308
12987 0.847466
12988 0.847624
12989 0.847781
12990 0.847939
12991 0.848097
12992 0.848255
12996 0.848413
13000 0.848571
13002 0.848729
13008 0.848887
13011 0.849045
13016 0.849203
13017 0.84936
13018 0.849518
13020 0.849676
13026 0.849834
13027 0.849992
13031 0.85015
13032 0.850308
13033 0.850466
13036 0.850624
13041 0.850782
13043 0.85094
13045 0.851097
13047 0.851255
13048 0.851413
13050 0.851571
13055 0.851729
13056 0.851887
13057 0.852045
13059 0.852203
13062 0.852361
13063 0.852519
13066 0.852676
13068 0.852834
13072 0.852992
13074 0.85315
13075 0.853308
13077 0.853466
13085 0.853624
13086 0.853782
13089 0.85394
13091 0.854098
13092 0.854255
13094 0.854413
13098 0.854571
13103 0.854729
13106 0.854887
13107 0.855045
13108 0.855203
13111 0.855361
13116 0.855519
13121 0.855677
13131 0.855835
13132 0.855992
13133 0.85615
13137 0.856308
13138 0.856466
13141 0.856624
13145 0.856782
13151 0.85694
13157 0.857098
13158 0.857256
13161 0.857414
13162 0.857571
13163 0.857729
13164 0.857887
13168 0.858045
13169 0.858203
13170 0.858361
13171 0.858519
13173 0.858677
13189 0.858835
13190 0.858993
13195 0.85915
13201 0.859308
13203 0.859466
13204 0.859624
13205 0.859782
13206 0.85994
13208 0.860098
13211 0.860256
13213 0.860414
13214 0.860572
13217 0.86073
13220 0.860887
13224 0.861045
13236 0.861203
13238 0.861361
13246 0.861519
13247 0.861677
13251 0.861835
13256 0.861993
13258 0.862151
13261 0.862309
13262 0.862466
13264 0.862624
13272 0.862782
13276 0.86294
13279 0.863098
13285 0.863256
13287 0.863414
13289 0.863572
13290 0.86373
13292 0.863888
13301 0.864045
13302 0.864203
13304 0.864361
13316 0.864519
13318 0.864677
13319 0.864835
13321 0.864993
13328 0.865151
13334 0.865309
13346 0.865467
13355 0.865625
13357 0.865782
13362 0.86594
13371 0.866098
13372 0.866256
13373 0.866414
13379 0.866572
13384 0.86673
13385 0.866888
13387 0.867046
13394 0.867204
13398 0.867361
13400 0.867519
13403 0.867677
13412 0.867835
13423 0.867993
13430 0.868151
13433 0.868309
13434 0.868467
13436 0.868625
13442 0.868783
13445 0.86894
13448 0.869098
13453 0.869256
13456 0.869414
13479 0.869572
13482 0.86973
13488 0.869888
13491 0.870046
13492 0.870204
13497 0.870362
13500 0.87052
13504 0.870677
13517 0.870835
13519 0.870993
13520 0.871151
13527 0.871309
13533 0.871467
13544 0.871625
13548 0.871783
13549 0.871941
13559 0.872099
13563 0.872256
13566 0.872414
13568 0.872572
13570 0.87273
13576 0.872888
13585 0.873046
13593 0.873204
13597 0.873362
13600 0.87352
13602 0.873678
13603 0.873835
13605 0.873993
13612 0.874151
13614 0.874309
13619 0.874467
13623 0.874625
13624 0.874783
13626 0.874941
13628 0.875099
13630 0.875257
13636 0.875414
13639 0.875572
13642 0.87573
13645 0.875888
13646 0.876046
13650 0.876204
13653 0.876362
13657 0.87652
13659 0.876678
13660 0.876836
13685 0.876994
13690 0.877151
13696 0.877309
13697 0.877467
13706 0.877625
13713 0.877783
13716 0.877941
13717 0.878099
13718 0.878257
13721 0.878415
13723 0.878573
13726 0.87873
13728 0.878888
13729 0.879046
13730 0.879204
13731 0.879362
13736 0.87952
13737 0.879678
13738 0.879836
13739 0.879994
13741 0.880152
13743 0.880309
13754 0.880467
13757 0.880625
13762 0.880783
13770 0.880941
13772 0.881099
13785 0.881257
13787 0.881415
13792 0.881573
13794 0.881731
13806 0.881889
13808 0.882046
13809 0.882204
13822 0.882362
13826 0.88252
13828 0.882678
13831 0.882836
13852 0.882994
13858 0.883152
13859 0.88331
13863 0.883468
13867 0.883625
13868 0.883783
13869 0.883941
13873 0.884099
13876 0.884257
13879 0.884415
13880 0.884573
13890 0.884731
13891 0.884889
13894 0.885047
13896 0.885204
13903 0.885362
13906 0.88552
13918 0.885678
13920 0.885836
13929 0.885994
13930 0.886152
13931 0.88631
13943 0.886468
13946 0.886626
13947 0.886784
13948 0.886941
13949 0.887099
13952 0.887257
13959 0.887415
13966 0.887573
13970 0.887731
13974 0.887889
13976 0.888047
13979 0.888205
13980 0.888363
13988 0.88852
13995 0.888678
13996 0.888836
13999 0.888994
14001 0.889152
14006 0.88931
14007 0.889468
14009 0.889626
14038 0.889784
14042 0.889942
14079 0.890099
14086 0.890257
14089 0.890415
14095 0.890573
14097 0.890731
14103 0.890889
14105 0.891047
14111 0.891205
14115 0.891363
14117 0.891521
14118 0.891679
14124 0.891836
14126 0.891994
14132 0.892152
14136 0.89231
14142 0.892468
14143 0.892626
14144 0.892784
14145 0.892942
14146 0.8931
14149 0.893258
14152 0.893415
14154 0.893573
14157 0.893731
14165 0.893889
14166 0.894047
14168 0.894205
14169 0.894363
14174 0.894521
14185 0.894679
14190 0.894837
14192 0.894994
14197 0.895152
14203 0.89531
14209 0.895468
14225 0.895626
14236 0.895784
14245 0.895942
14250 0.8961
14260 0.896258
14266 0.896416
14275 0.896574
14286 0.896731
14287 0.896889
14298 0.897047
14299 0.897205
14302 0.897363
14307 0.897521
14308 0.897679
14314 0.897837
14316 0.897995
14320 0.898153
14321 0.89831
14332 0.898468
14339 0.898626
14343 0.898784
14344 0.898942
14363 0.8991
14366 0.899258
14373 0.899416
14382 0.899574
14383 0.899732
14384 0.899889
14386 0.900047
14396 0.900205
14400 0.900363
14408 0.900521
14412 0.900679
14418 0.900837
14421 0.900995
14424 0.901153
14426 0.901311
14427 0.901468
14429 0.901626
14431 0.901784
14432 0.901942
14435 0.9021
14438 0.902258
14441 0.902416
14442 0.902574
14443 0.902732
14453 0.90289
14457 0.903048
14458 0.903205
14461 0.903363
14462 0.903521
14464 0.903679
14465 0.903837
14475 0.903995
14480 0.904153
14487 0.904311
14488 0.904469
14495 0.904627
14496 0.904784
14506 0.904942
14514 0.9051
14518 0.905258
14531 0.905416
14541 0.905574
14544 0.905732
14547 0.90589
14551 0.906048
14554 0.906206
14562 0.906363
14564 0.906521
14574 0.906679
14576 0.906837
14583 0.906995
14586 0.907153
14595 0.907311
14597 0.907469
14607 0.907627
14608 0.907785
14609 0.907943
14612 0.9081
14630 0.908258
14634 0.908416
14646 0.908574
14650 0.908732
14652 0.90889
14721 0.909048
14738 0.909206
14740 0.909364
14768 0.909522
14776 0.909679
14796 0.909837
14800 0.909995
14804 0.910153
14807 0.910311
14818 0.910469
14822 0.910627
14832 0.910785
14836 0.910943
14842 0.911101
14853 0.911258
14869 0.911416
14871 0.911574
14875 0.911732
14877 0.91189
14879 0.912048
14881 0.912206
14884 0.912364
14888 0.912522
14892 0.91268
14893 0.912838
14894 0.912995
14904 0.913153
14907 0.913311
14910 0.913469
14916 0.913627
14918 0.913785
14923 0.913943
14924 0.914101
14926 0.914259
14936 0.914417
14960 0.914574
14963 0.914732
14969 0.91489
14972 0.915048
14983 0.915206
15004 0.915364
15006 0.915522
15012 0.91568
15026 0.915838
15042 0.915996
15043 0.916153
15048 0.916311
15055 0.916469
15056 0.916627
15064 0.916785
15072 0.916943
15086 0.917101
15087 0.917259
15091 0.917417
15112 0.917575
15114 0.917733
15117 0.91789
15118 0.918048
15121 0.918206
15122 0.918364
15136 0.918522
15138 0.91868
15139 0.918838
15140 0.918996
15143 0.919154
15159 0.919312
15163 0.919469
15170 0.919627
15205 0.919785
15219 0.919943
15220 0.920101
15221 0.920259
15232 0.920417
15233 0.920575
15236 0.920733
15242 0.920891
15248 0.921048
15258 0.921206
15260 0.921364
15267 0.921522
15268 0.92168
15274 0.921838
15282 0.921996
15284 0.922154
15288 0.922312
15289 0.92247
15291 0.922628
15306 0.922785
15310 0.922943
15311 0.923101
15315 0.923259
15321 0.923417
15328 0.923575
15343 0.923733
15349 0.923891
15350 0.924049
15353 0.924207
15362 0.924364
15373 0.924522
15375 0.92468
15376 0.924838
15381 0.924996
15382 0.925154
15383 0.925312
15386 0.92547
15388 0.925628
15390 0.925786
15394 0.925943
15402 0.926101
15406 0.926259
15421 0.926417
15428 0.926575
15432 0.926733
15436 0.926891
15439 0.927049
15446 0.927207
15455 0.927365
15467 0.927523
15469 0.92768
15471 0.927838
15476 0.927996
15479 0.928154
15480 0.928312
15485 0.92847
15492 0.928628
15493 0.928786
15495 0.928944
15498 0.929102
15500 0.929259
15506 0.929417
15514 0.929575
15526 0.929733
15534 0.929891
15543 0.930049
15567 0.930207
15572 0.930365
15578 0.930523
15579 0.930681
15580 0.930838
15583 0.930996
15586 0.931154
15587 0.931312
15592 0.93147
15593 0.931628
15594 0.931786
15596 0.931944
15598 0.932102
15601 0.93226
15603 0.932417
15605 0.932575
15606 0.932733
15613 0.932891
15614 0.933049
15615 0.933207
15616 0.933365
15617 0.933523
15619 0.933681
15621 0.933839
15625 0.933997
15632 0.934154
15644 0.934312
15645 0.93447
15646 0.934628
15650 0.934786
15652 0.934944
15669 0.935102
15680 0.93526
15688 0.935418
15703 0.935576
15708 0.935733
15711 0.935891
15715 0.936049
15721 0.936207
15723 0.936365
15729 0.936523
15735 0.936681
15739 0.936839
15751 0.936997
15773 0.937155
15774 0.937312
15794 0.93747
15814 0.937628
15834 0.937786
15839 0.937944
15841 0.938102
15848 0.93826
15855 0.938418
15858 0.938576
15886 0.938734
15894 0.938892
15900 0.939049
15904 0.939207
15906 0.939365
15910 0.939523
15912 0.939681
15920 0.939839
15926 0.939997
15936 0.940155
15942 0.940313
15943 0.940471
15950 0.940628
15952 0.940786
15962 0.940944
15969 0.941102
15972 0.94126
15991 0.941418
15993 0.941576
15994 0.941734
15999 0.941892
16009 0.94205
16015 0.942207
16017 0.942365
16019 0.942523
16031 0.942681
16051 0.942839
16058 0.942997
16063 0.943155
16074 0.943313
16075 0.943471
16077 0.943629
16083 0.943787
16084 0.943944
16085 0.944102
16088 0.94426
16093 0.944418
16103 0.944576
16104 0.944734
16106 0.944892
16121 0.94505
16122 0.945208
16123 0.945366
16124 0.945523
16132 0.945681
16141 0.945839
16142 0.945997
16143 0.946155
16167 0.946313
16168 0.946471
16170 0.946629
16173 0.946787
16179 0.946945
16181 0.947102
16186 0.94726
16195 0.947418
16201 0.947576
16213 0.947734
16214 0.947892
16217 0.94805
16218 0.948208
16223 0.948366
16226 0.948524
16230 0.948682
16237 0.948839
16238 0.948997
16243 0.949155
16245 0.949313
16252 0.949471
16254 0.949629
16255 0.949787
16256 0.949945
16259 0.950103
16260 0.950261
16266 0.950418
16269 0.950576
16273 0.950734
16278 0.950892
16287 0.95105
16299 0.951208
16300 0.951366
16321 0.951524
16326 0.951682
16332 0.95184
16333 0.951997
16335 0.952155
16345 0.952313
16357 0.952471
16359 0.952629
16364 0.952787
16365 0.952945
16368 0.953103
16378 0.953261
16381 0.953419
16382 0.953577
16385 0.953734
16398 0.953892
16399 0.95405
16416 0.954208
16432 0.954366
16436 0.954524
16452 0.954682
16481 0.95484
16493 0.954998
16497 0.955156
16500 0.955313
16512 0.955471
16517 0.955629
16520 0.955787
16537 0.955945
16539 0.956103
16559 0.956261
16571 0.956419
16578 0.956577
16586 0.956735
16587 0.956892
16593 0.95705
16597 0.957208
16601 0.957366
16606 0.957524
16619 0.957682
16621 0.95784
16622 0.957998
16626 0.958156
16629 0.958314
16634 0.958471
16635 0.958629
16637 0.958787
16638 0.958945
16642 0.959103
16652 0.959261
16653 0.959419
16654 0.959577
16658 0.959735
16665 0.959893
16677 0.960051
16680 0.960208
16686 0.960366
16687 0.960524
16689 0.960682
16690 0.96084
16693 0.960998
16694 0.961156
16696 0.961314
16710 0.961472
16729 0.96163
16735 0.961787
16744 0.961945
16745 0.962103
16746 0.962261
16752 0.962419
16753 0.962577
16768 0.962735
16777 0.962893
16779 0.963051
16782 0.963209
16788 0.963366
16801 0.963524
16819 0.963682
16844 0.96384
16862 0.963998
16870 0.964156
16883 0.964314
16907 0.964472
16911 0.96463
16920 0.964788
16922 0.964946
16925 0.965103
16927 0.965261
16935 0.965419
16936 0.965577
16937 0.965735
16942 0.965893
16950 0.966051
16951 0.966209
16952 0.966367
16956 0.966525
16976 0.966682
17017 0.96684
17033 0.966998
17034 0.967156
17039 0.967314
17049 0.967472
17051 0.96763
17058 0.967788
17061 0.967946
17064 0.968104
17083 0.968261
17105 0.968419
17109 0.968577
17125 0.968735
17128 0.968893
17129 0.969051
17135 0.969209
17141 0.969367
17158 0.969525
17162 0.969683
17174 0.969841
17180 0.969998
17185 0.970156
17195 0.970314
17196 0.970472
17208 0.97063
17232 0.970788
17236 0.970946
17253 0.971104
17255 0.971262
17259 0.97142
17281 0.971577
17283 0.971735
17286 0.971893
17298 0.972051
17302 0.972209
17314 0.972367
17318 0.972525
17320 0.972683
17325 0.972841
17326 0.972999
17348 0.973156
17349 0.973314
17356 0.973472
17362 0.97363
17368 0.973788
17370 0.973946
17371 0.974104
17381 0.974262
17402 0.97442
17408 0.974578
17426 0.974736
17433 0.974893
17440 0.975051
17480 0.975209
17483 0.975367
17484 0.975525
17486 0.975683
17487 0.975841
17489 0.975999
17497 0.976157
17498 0.976315
17521 0.976472
17529 0.97663
17537 0.976788
17565 0.976946
17575 0.977104
17577 0.977262
17582 0.97742
17586 0.977578
17594 0.977736
17617 0.977894
17619 0.978051
17620 0.978209
17625 0.978367
17633 0.978525
17637 0.978683
17639 0.978841
17643 0.978999
17644 0.979157
17655 0.979315
17656 0.979473
17657 0.979631
17659 0.979788
17664 0.979946
17665 0.980104
17687 0.980262
17690 0.98042
17694 0.980578
17697 0.980736
17700 0.980894
17705 0.981052
17709 0.98121
17714 0.981367
17722 0.981525
17724 0.981683
17728 0.981841
17730 0.981999
17740 0.982157
17748 0.982315
17751 0.982473
17752 0.982631
17776 0.982789
17777 0.982946
17794 0.983104
17795 0.983262
17798 0.98342
17802 0.983578
17814 0.983736
17816 0.983894
17821 0.984052
17851 0.98421
17855 0.984368
17856 0.984526
17857 0.984683
17861 0.984841
17862 0.984999
17866 0.985157
17880 0.985315
17883 0.985473
17884 0.985631
17900 0.985789
17907 0.985947
17933 0.986105
17937 0.986262
18035 0.98642
18036 0.986578
18048 0.986736
18092 0.986894
18120 0.987052
18121 0.98721
18194 0.987368
18201 0.987526
18202 0.987684
18203 0.987841
18205 0.987999
18215 0.988157
18221 0.988315
18233 0.988473
18234 0.988631
18240 0.988789
18246 0.988947
18247 0.989105
18249 0.989263
18250 0.98942
18282 0.989578
18299 0.989736
18300 0.989894
18308 0.990052
18313 0.99021
18335 0.990368
18339 0.990526
18350 0.990684
18368 0.990842
18369 0.991
18370 0.991157
18399 0.991315
18408 0.991473
18415 0.991631
18437 0.991789
18487 0.991947
18518 0.992105
18521 0.992263
18557 0.992421
18593 0.992579
18603 0.992736
18608 0.992894
18630 0.993052
18640 0.99321
18651 0.993368
18652 0.993526
18655 0.993684
18726 0.993842
18748 0.994
18767 0.994158
18777 0.994315
18799 0.994473
18806 0.994631
18825 0.994789
18890 0.994947
18921 0.995105
18922 0.995263
18945 0.995421
18968 0.995579
18974 0.995737
18976 0.995895
19005 0.996052
19008 0.99621
19023 0.996368
19033 0.996526
19048 0.996684
19084 0.996842
19089 0.997
19133 0.997158
19175 0.997316
19220 0.997474
19235 0.997631
19266 0.997789
19271 0.997947
19274 0.998105
19307 0.998263
19362 0.998421
19475 0.998579
19529 0.998737
19560 0.998895
19574 0.999053
19579 0.99921
19618 0.999368
19619 0.999526
19626 0.999684
19634 0.999842
19657 1
