0 62
2 134
3 4
4 58
5 0
6 120
7 2
12 112
20 6
22 6
23 37
25 4
29 5
31 2
33 106
35 1
38 14
41 312
42 1300
44 785
45 484
47 684
48 7
49 3
50 19
53 19
57 133
59 3
61 10
64 3
65 12
67 346
71 8
75 3
81 7
85 5
88 25
93 6
95 7
99 385
104 77
112 10
113 1312
116 11
117 12
118 550
120 11
126 308
127 2405
129 14
130 7
134 8
137 11
138 35
140 2095
143 9
144 101
146 6
150 63
152 16
153 8
154 16
157 110
158 17
161 15
167 61
168 7
172 196
173 3072
174 29
175 149
176 17
177 22
178 155
180 18
181 9
182 31
185 38
189 13
190 101
191 38
193 6
195 200
196 6
198 3
199 71
201 109
203 5
209 76
213 94
214 67
217 29
219 20
220 1626
223 17
225 4
226 56
227 17
228 10
232 44
234 605
236 36
239 72
240 478
241 30
243 26
245 17
247 16
248 15
249 893
250 11
254 490
259 59
261 57
264 9
266 17
269 489
270 13
272 25
273 42
275 25
276 17
277 11
278 17
279 1836
282 12
283 117
284 246
286 20
287 8
289 30
290 14
293 550
294 18
295 12
296 50
297 9
298 115
300 39
303 607
304 335
307 29
308 10
309 14
310 13
311 525
313 12
314 10
315 504
316 16
317 21
318 9
319 198
320 34
321 99
323 133
324 214
326 21
327 21
328 347
331 15
335 468
337 29
338 15
339 13
341 17
343 9
344 26
345 12
346 330
347 17
348 11
349 534
350 34
351 18
352 10
353 466
354 640
355 11
356 25
359 26
360 37
362 1016
365 379
367 32
368 49
369 10
371 16
372 22
373 32
375 11
377 10
381 20
384 30
385 69
386 19
387 10
390 51
395 34
396 12
398 30
399 15
400 8
401 434
403 680
406 32
407 108
408 13
410 25
412 81
413 25
414 21
419 14
420 11
421 56
423 68
425 19
426 11
428 71
430 10
431 50
433 35
434 25
435 251
436 21
437 14
440 34
441 230
442 25
443 3352
444 30
446 9
447 862
449 11
453 36
454 27
455 637
456 48
458 47
460 31
461 18
464 31
467 21
468 2973
469 79
471 17
472 16
473 61
474 50
475 21
478 225
481 11
483 63
484 22
485 12
488 1887
489 18
492 24
493 480
495 159
497 23
498 40
499 269
502 26
503 178
504 672
506 579
507 26
509 489
510 36
511 620
512 766
515 32
516 19
518 20
519 24
520 102
521 30
523 51
524 85
525 2205
530 18
531 16
533 30
536 619
538 518
542 141
545 19
546 51
548 30
551 17
552 453
558 365
559 3304
562 992
564 17
566 29
568 16
569 19
570 52
572 447
573 449
575 154
577 23
578 25
579 369
581 9
582 39
584 511
587 23
588 81
589 1538
592 33
593 83
594 32
597 1998
598 29
599 18
601 1740
602 30
603 33
604 25
606 23
607 23
608 373
610 18
611 19
612 234
613 100
615 17
617 15
618 349
619 14
620 91
622 39
623 853
624 38
626 53
627 52
628 24
629 995
630 39
631 48
632 28
635 135
639 47
642 84
644 421
645 339
648 1484
649 673
653 48
654 30
657 21
658 22
659 33
660 77
662 110
663 22
664 15
665 19
666 240
667 36
668 78
669 156
670 88
672 31
673 17
674 22
675 16
676 34
677 216
679 152
680 422
681 125
682 95
683 46
684 21
687 93
688 548
689 35
690 56
691 181
692 61
695 358
697 45
699 22
701 30
702 17
705 531
707 26
709 3017
711 943
712 19
713 125
714 60
715 115
717 22
718 35
719 12
722 104
723 34
724 23
727 552
732 52
733 345
735 166
736 827
737 834
738 59
739 19
740 29
742 64
746 705
749 81
750 289
751 217
752 30
753 478
754 43
756 26
758 60
761 30
763 82
764 21
766 103
767 3424
768 34
770 18
771 1634
773 46
775 2839
777 350
778 16
779 23
780 24
784 51
787 31
788 46
789 26
790 49
791 516
792 579
794 436
797 1862
799 457
802 23
803 92
804 18
805 222
808 28
809 333
810 45
813 316
814 84
816 22
820 21
824 52
825 34
826 46
828 33
829 267
830 34
832 17
833 35
835 251
836 35
838 262
839 39
840 21
841 41
842 181
843 43
845 741
847 56
848 106
849 46
852 18
855 78
856 36
857 127
858 20
860 304
861 591
862 111
863 38
864 320
866 738
867 59
868 36
870 1318
873 41
874 20
875 46
878 84
880 102
881 75
882 51
884 49
885 3221
887 139
888 3297
889 55
891 24
892 694
894 24
896 51
898 58
899 27
901 62
902 46
905 534
907 52
909 686
911 35
914 302
915 110
918 69
921 24
923 115
925 30
926 85
930 20
931 29
933 48
934 22
935 19
937 82
941 16
942 40
945 136
946 16
947 39
948 46
949 57
950 46
951 354
953 60
954 55
958 21
960 21
961 77
962 128
963 139
964 268
965 25
966 412
967 130
969 41
971 27
972 21
973 21
974 650
975 107
976 206
977 223
978 70
979 44
980 21
982 67
983 41
984 37
986 756
988 59
990 51
992 3214
993 747
995 19
997 45
998 24
999 30
1000 41
1001 52
1004 62
1006 31
1007 23
1008 54
1009 16
1012 33
1015 48
1016 33
1017 432
1018 81
1022 1039
1024 40
1025 32
1026 510
1027 18
1028 27
1029 426
1030 26
1031 756
1032 302
1035 46
1037 30
1039 35
1040 38
1041 39
1042 39
1043 44
1045 60
1046 40
1048 276
1051 601
1055 43
1056 37
1058 39
1059 48
1063 37
1064 26
1065 39
1067 49
1068 26
1069 37
1070 542
1071 43
1073 664
1074 30
1075 51
1076 2354
1077 442
1079 42
1082 58
1083 653
1084 52
1085 15
1088 94
1089 594
1092 897
1096 23
1097 30
1098 73
1099 37
1100 405
1101 25
1102 273
1104 27
1106 670
1107 45
1109 261
1111 545
1112 33
1113 27
1114 193
1115 184
1116 31
1117 59
1118 206
1119 69
1120 43
1122 31
1123 41
1126 51
1127 36
1128 24
1129 53
1130 31
1131 607
1132 51
1133 60
1134 24
1135 144
1136 165
1137 57
1138 26
1140 55
1141 43
1142 253
1145 121
1146 70
1147 243
1148 52
1149 1203
1151 456
1152 48
1153 46
1154 39
1158 48
1160 502
1161 138
1162 47
1163 45
1167 113
1168 473
1169 37
1171 49
1172 33
1178 79
1179 48
1180 44
1181 757
1182 29
1184 65
1185 189
1186 45
1187 153
1188 48
1189 58
1190 25
1191 41
1192 41
1193 595
1195 45
1196 24
1198 45
1199 463
1201 26
1207 419
1208 152
1209 35
1211 35
1212 26
1213 53
1215 185
1216 382
1218 621
1221 27
1223 75
1224 119
1225 24
1226 766
1227 695
1228 32
1229 49
1231 38
1232 42
1233 41
1234 39
1235 31
1236 55
1241 54
1243 61
1245 69
1246 44
1249 40
1250 35
1251 38
1252 38
1255 58
1256 29
1259 48
1260 86
1263 49
1264 48
1268 39
1269 58
1270 24
1271 37
1272 48
1274 36
1277 34
1278 331
1279 60
1280 342
1281 41
1285 29
1286 39
1287 550
1289 46
1294 42
1295 586
1296 85
1297 35
1301 2864
1302 71
1304 45
1305 56
1306 61
1308 40
1310 44
1311 46
1312 49
1314 38
1315 36
1316 141
1317 148
1318 37
1319 37
1320 44
1321 478
1323 40
1327 39
1329 222
1331 91
1332 804
1333 53
1334 130
1335 30
1336 43
1337 47
1339 39
1340 2594
1341 27
1342 25
1343 145
1344 46
1345 244
1346 37
1347 44
1349 1100
1351 46
1352 32
1353 768
1355 55
1357 450
1358 126
1361 32
1362 23
1363 513
1364 56
1365 133
1366 659
1367 255
1368 127
1369 36
1370 85
1371 47
1373 55
1374 37
1376 62
1377 378
1379 57
1380 20
1382 587
1384 46
1385 59
1386 54
1387 67
1389 41
1390 34
1391 43
1392 51
1393 26
1395 130
1396 81
1398 35
1400 222
1401 837
1402 263
1409 50
1410 34
1411 32
1413 40
1414 42
1416 676
1418 43
1419 83
1422 326
1423 449
1427 43
1428 61
1429 37
1431 130
1433 34
1434 65
1436 44
1437 63
1438 215
1440 99
1442 45
1443 39
1444 40
1447 44
1449 836
1450 57
1451 26
1452 36
1454 35
1455 527
1457 49
1459 30
1460 35
1461 1533
1465 45
1466 171
1467 33
1468 44
1469 38
1471 111
1472 33
1474 175
1476 34
1477 1549
1478 50
1479 32
1485 35
1487 27
1488 465
1490 226
1491 975
1492 1360
1493 1632
1494 94
1497 25
1498 50
1501 216
1502 48
1503 336
1505 41
1506 101
1507 53
1508 185
1509 36
1510 77
1511 134
1512 57
1513 155
1514 349
1515 720
1516 691
1517 501
1518 30
1520 185
1521 50
1522 51
1525 52
1526 244
1529 126
1530 63
1533 500
1534 48
1535 886
1537 47
1538 41
1540 203
1542 42
1543 50
1544 36
1545 44
1546 54
1551 480
1553 81
1555 359
1556 31
1557 841
1558 1261
1560 43
1563 43
1564 45
1565 36
1567 58
1568 52
1570 37
1573 53
1574 61
1575 48
1576 61
1579 32
1580 33
1581 58
1582 36
1583 52
1585 138
1586 46
1587 68
1588 53
1589 47
1590 43
1592 58
1593 50
1596 63
1597 56
1598 45
1599 56
1600 52
1603 132
1605 46
1606 680
1609 396
1610 43
1611 40
1614 67
1615 69
1617 62
1618 52
1619 69
1620 51
1622 656
1623 80
1624 69
1628 49
1630 40
1633 40
1634 31
1635 60
1636 963
1637 39
1638 47
1639 45
1640 54
1641 100
1643 123
1645 53
1647 114
1649 43
1655 682
1656 50
1659 75
1661 47
1664 64
1666 117
1667 1169
1668 174
1669 61
1671 55
1672 31
1675 186
1676 29
1677 54
1680 37
1683 763
1686 62
1688 58
1689 92
1690 52
1691 43
1692 47
1696 46
1697 45
1699 29
1701 573
1709 45
1710 41
1713 63
1714 37
1719 80
1720 45
1722 238
1724 80
1728 60
1730 37
1731 44
1732 122
1735 120
1738 49
1741 45
1742 41
1743 38
1744 47
1745 96
1746 100
1748 584
1750 1575
1751 61
1753 39
1755 56
1756 44
1758 50
1760 53
1761 149
1762 42
1765 115
1767 144
1769 44
1770 52
1772 81
1774 40
1778 52
1780 41
1783 85
1784 2806
1785 52
1786 52
1788 60
1789 42
1791 58
1792 46
1793 53
1794 431
1795 119
1797 372
1800 57
1802 71
1804 239
1805 68
1806 44
1808 31
1809 466
1810 34
1812 91
1813 41
1814 314
1815 86
1816 86
1818 84
1819 523
1823 53
1824 328
1825 74
1826 47
1827 44
1830 37
1831 554
1832 53
1834 25
1838 86
1843 47
1845 48
1849 50
1857 337
1860 90
1861 44
1864 73
1867 80
1868 51
1870 395
1871 39
1874 43
1875 41
1877 54
1879 41
1881 128
1882 93
1885 574
1886 87
1890 45
1892 38
1897 606
1898 102
1899 58
1902 71
1903 73
1905 124
1907 38
1908 48
1910 112
1911 72
1913 43
1917 38
1920 107
1921 92
1923 180
1927 64
1931 49
1937 74
1938 176
1939 62
1940 73
1941 28
1943 48
1946 61
1947 52
1948 54
1949 46
1951 154
1954 315
1955 101
1957 65
1958 94
1962 75
1969 47
1971 54
1972 186
1974 57
1976 778
1978 42
1980 92
1981 43
1982 889
1984 100
1986 245
1987 116
1988 59
1990 64
1995 367
1996 45
1997 48
1998 53
2000 59
2002 88
2008 250
2015 64
2016 74
2019 43
2022 46
2024 91
2026 232
2030 125
2031 302
2033 285
2036 97
2037 49
2039 97
2040 38
2044 61
2045 406
2047 73
2050 61
2051 38
2052 65
2053 122
2055 191
2066 278
2067 53
2068 64
2069 57
2072 51
2076 93
2080 51
2081 839
2085 738
2086 49
2088 58
2090 156
2092 198
2099 129
2100 42
2103 34
2105 122
2106 59
2108 76
2110 191
2111 48
2115 59
2119 728
2120 55
2123 34
2128 32
2136 631
2139 77
2140 56
2142 585
2143 147
2144 609
2149 130
2151 422
2158 49
2159 54
2160 693
2163 117
2164 150
2165 103
2172 54
2174 57
2176 1033
2181 152
2186 66
2187 64
2189 66
2193 53
2194 64
2196 48
2197 52
2198 95
2201 219
2202 81
2204 50
2206 61
2208 569
2216 57
2221 55
2223 85
2226 70
2227 182
2229 49
2230 209
2233 54
2236 85
2237 659
2238 58
2243 60
2245 139
2246 53
2250 56
2253 186
2257 73
2260 40
2261 68
2268 74
2269 61
2281 158
2288 350
2289 48
2290 59
2292 177
2294 115
2295 2892
2296 75
2298 65
2302 648
2306 56
2308 80
2309 118
2311 154
2313 53
2315 3411
2317 98
2325 55
2331 47
2332 48
2333 193
2335 494
2342 71
2343 280
2347 37
2349 55
2350 79
2351 437
2353 41
2357 64
2361 78
2362 60
2364 445
2367 79
2369 78
2372 294
2373 45
2374 92
2375 51
2379 169
2380 54
2382 50
2383 303
2384 1678
2385 62
2386 259
2391 83
2392 81
2394 895
2395 74
2398 216
2399 55
2401 59
2402 47
2403 45
2405 45
2406 47
2408 69
2410 206
2411 110
2413 174
2415 340
2416 810
2420 43
2423 51
2424 1251
2426 77
2427 1620
2432 155
2435 46
2437 73
2438 64
2439 45
2441 44
2442 52
2443 90
2446 980
2449 45
2451 109
2453 69
2459 61
2460 84
2461 132
2465 54
2469 2437
2470 71
2474 81
2475 106
2478 63
2480 1418
2481 77
2486 68
2488 481
2489 54
2490 58
2491 70
2493 265
2494 79
2495 61
2496 57
2500 61
2503 59
2504 54
2505 485
2506 126
2508 75
2509 83
2512 45
2513 72
2516 79
2518 73
2519 45
2520 55
2521 83
2523 94
2525 76
2527 1437
2529 104
2531 57
2534 139
2535 93
2536 56
2537 136
2539 80
2543 86
2544 67
2546 109
2547 59
2548 61
2553 52
2554 52
2555 1181
2562 79
2565 56
2566 52
2567 144
2568 67
2570 177
2572 55
2573 50
2574 64
2577 68
2580 56
2582 51
2583 61
2585 132
2587 472
2590 254
2591 66
2593 90
2595 55
2604 40
2605 834
2608 1282
2610 76
2612 61
2613 61
2614 277
2615 53
2618 569
2622 1233
2625 105
2627 104
2630 68
2631 76
2634 47
2635 85
2636 74
2640 1173
2643 103
2645 169
2648 115
2650 131
2651 53
2655 74
2660 57
2661 84
2663 93
2666 162
2668 78
2670 227
2671 79
2674 63
2677 63
2679 729
2680 80
2684 1025
2688 89
2690 56
2691 105
2692 231
2693 94
2698 99
2699 82
2704 62
2706 47
2709 219
2711 63
2714 176
2717 67
2718 3024
2727 85
2730 128
2737 46
2745 151
2748 180
2750 69
2751 157
2752 57
2753 51
2756 478
2758 90
2759 56
2762 88
2763 66
2765 61
2766 80
2768 80
2769 998
2770 78
2774 343
2775 195
2778 75
2779 371
2780 122
2781 459
2782 67
2783 78
2785 243
2786 59
2787 156
2789 179
2790 80
2792 44
2793 81
2796 78
2798 343
2801 524
2804 47
2808 51
2809 90
2812 141
2813 392
2814 86
2817 111
2819 67
2820 47
2824 70
2825 54
2826 260
2827 281
2828 79
2830 95
2832 1121
2833 70
2834 49
2835 653
2836 68
2838 58
2839 80
2840 116
2842 184
2844 63
2848 57
2851 126
2852 76
2853 1376
2854 1143
2859 66
2860 48
2861 113
2862 100
2863 262
2864 45
2865 139
2866 45
2870 483
2871 98
2872 122
2874 68
2875 71
2879 172
2882 111
2889 65
2896 195
2903 77
2907 56
2908 237
2909 60
2911 123
2912 84
2916 72
2918 299
2920 51
2924 82
2925 120
2930 124
2936 79
2940 478
2941 68
2942 718
2943 757
2944 76
2947 115
2948 103
2955 74
2957 77
2969 199
2971 69
2972 863
2974 90
2977 1080
2978 412
2980 437
2981 101
2987 69
2990 105
2992 60
2996 187
2998 80
3006 69
3010 87
3012 71
3017 161
3023 74
3027 63
3038 69
3043 76
3047 56
3048 75
3049 77
3050 543
3056 181
3062 107
3064 70
3065 67
3073 288
3076 114
3078 116
3081 83
3087 81
3094 76
3095 80
3096 190
3097 70
3098 531
3099 85
3103 94
3105 99
3106 71
3109 100
3113 74
3115 61
3126 73
3131 103
3132 779
3133 464
3134 1013
3135 235
3137 93
3138 112
3139 512
3141 875
3150 109
3152 268
3155 197
3165 109
3167 78
3168 69
3170 454
3178 824
3183 66
3188 91
3194 76
3199 59
3201 71
3214 80
3215 72
3217 84
3222 69
3223 273
3224 85
3228 78
3235 116
3236 76
3239 116
3240 60
3246 60
3248 68
3249 103
3252 102
3260 64
3266 112
3271 75
3273 298
3274 83
3275 443
3276 66
3280 102
3286 3962
3290 79
3291 79
3292 72
3293 721
3296 64
3299 81
3301 688
3316 81
3321 67
3323 566
3325 73
3330 53
3336 130
3346 514
3348 77
3349 86
3354 77
3362 278
3363 100
3367 227
3368 54
3369 80
3371 80
3380 83
3382 62
3388 96
3394 90
3395 343
3401 80
3402 70
3407 67
3409 84
3414 113
3416 84
3418 73
3420 817
3423 66
3424 289
3426 692
3427 222
3429 66
3431 89
3438 182
3439 282
3440 80
3443 76
3444 91
3450 83
3456 240
3459 123
3460 94
3461 72
3464 89
3465 560
3467 69
3469 95
3470 65
3471 133
3473 75
3476 487
3480 73
3482 713
3494 1358
3499 117
3501 84
3502 93
3505 726
3506 103
3508 73
3511 83
3515 81
3516 199
3522 81
3532 2016
3536 81
3537 98
3538 88
3544 72
3549 87
3551 206
3552 54
3559 449
3563 135
3564 74
3567 129
3582 71
3583 81
3584 367
3595 131
3597 2725
3599 55
3604 86
3613 86
3615 118
3617 86
3627 83
3632 80
3633 77
3634 74
3635 142
3637 158
3639 997
3640 130
3642 83
3644 98
3646 130
3649 94
3658 74
3662 89
3663 87
3664 83
3665 328
3666 70
3677 2137
3678 738
3691 86
3692 1032
3698 62
3701 2081
3706 86
3708 673
3720 439
3724 554
3728 91
3730 71
3741 72
3748 72
3749 164
3750 2412
3751 380
3753 1180
3757 109
3759 72
3761 114
3765 103
3768 248
3769 63
3771 586
3777 114
3780 62
3786 108
3790 112
3801 98
3803 1298
3804 150
3805 75
3806 2167
3807 2422
3808 3439
3810 76
3813 74
3814 79
3816 76
3817 132
3818 131
3820 78
3825 75
3827 213
3828 130
3830 154
3831 87
3832 70
3833 61
3834 117
3835 873
3836 104
3838 79
3841 76
3843 84
3844 77
3846 82
3849 77
3851 240
3853 126
3856 81
3857 95
3865 85
3869 348
3870 230
3872 703
3873 81
3876 80
3880 93
3882 99
3889 93
3891 501
3898 82
3899 93
3900 81
3904 99
3907 104
3908 205
3909 803
3910 106
3911 482
3912 83
3914 131
3915 94
3916 81
3917 77
3918 425
3919 394
3920 81
3921 513
3924 70
3925 652
3927 90
3929 296
3931 97
3932 83
3936 68
3937 82
3938 73
3939 499
3948 135
3950 86
3953 77
3955 97
3956 113
3957 81
3960 127
3961 81
3962 748
3963 973
3965 75
3966 87
3967 71
3969 107
3974 93
3976 77
3986 109
3989 69
3993 233
3995 123
3996 73
3997 86
3998 96
3999 73
4002 75
4007 79
4012 82
4015 89
4018 230
4019 120
4032 73
4035 92
4037 88
4041 75
4044 86
4045 84
4046 737
4047 852
4049 376
4050 283
4063 87
4064 78
4069 80
4071 84
4078 88
4079 82
4080 196
4085 90
4088 86
4089 114
4092 87
4093 79
4094 429
4095 86
4096 78
4097 731
4098 77
4103 104
4111 681
4118 358
4120 77
4123 84
4127 956
4129 77
4130 82
4132 90
4136 125
4141 78
4146 81
4147 77
4148 92
4150 99
4153 197
4169 126
4171 281
4186 81
4190 471
4192 167
4194 87
4196 113
4202 574
4246 80
4251 94
4252 84
4262 490
4271 82
4273 83
4293 89
4303 91
4304 89
4305 204
4313 91
4314 710
4316 89
4317 76
4319 115
4320 473
4326 88
4328 302
4330 509
4343 100
4379 206
4380 1863
4407 442
4414 458
4483 193
4578 183
4628 832
4729 442
4730 94
4815 100
4819 216
4820 99
4821 85
4861 290
4878 108
4887 296
4894 219
4932 93
4948 117
4949 134
4965 3
4982 99
4992 223
4994 177
5036 243
5049 208
5054 74
5065 305
5074 124
5081 216
5088 86
5089 195
5104 116
5124 945
5139 130
5146 133
5150 61
5152 130
5161 113
5166 97
5169 110
5178 466
5182 134
5186 300
5189 97
5191 99
5214 483
5222 170
5231 149
5237 116
5239 13
5247 573
5251 147
5253 202
5254 170
5270 890
5280 181
5283 85
5284 104
5288 91
5289 80
5291 138
5295 234
5297 232
5310 322
5311 295
5313 623
5318 151
5323 108
5324 24
5326 85
5329 225
5334 374
5338 86
5344 226
5345 115
5351 168
5353 221
5358 789
5360 221
5361 215
5362 560
5364 230
5371 2438
5372 225
5381 215
5384 222
5385 482
5392 126
5400 10
5401 8
5404 80
5416 107
5419 233
5422 190
5426 771
5428 198
5430 434
5433 197
5439 102
5448 253
5467 129
5468 161
5470 140
5478 109
5479 99
5480 117
5482 118
5483 138
5484 114
5486 137
5487 328
5490 285
5492 145
5501 234
5502 234
5507 223
5512 248
5522 147
5523 203
5525 130
5526 122
5542 189
5546 135
5549 91
5553 117
5555 146
5564 473
5572 133
5573 134
5575 243
5577 450
5591 201
5593 672
5595 119
5596 142
5600 684
5611 480
5612 2095
5623 116
5624 115
5625 229
5627 142
5634 89
5636 111
5638 183
5639 201
5641 235
5642 214
5645 264
5657 132
5658 80
5660 101
5662 145
5663 203
5664 121
5666 170
5668 297
5678 381
5681 381
5682 339
5688 141
5701 143
5719 93
5724 141
5726 242
5730 146
5733 170
5736 382
5737 455
5745 470
5746 245
5748 124
5757 136
5765 550
5767 269
5769 314
5772 837
5773 1018
5774 148
5784 162
5785 175
5789 322
5791 121
5794 310
5795 121
5797 108
5802 321
5808 98
5812 97
5813 90
5814 129
5815 117
5817 120
5819 121
5821 1329
5823 385
5825 125
5826 163
5828 155
5830 145
5832 736
5834 237
5837 98
5838 101
5839 125
5840 119
5841 439
5842 233
5846 137
5861 288
5862 133
5866 128
5869 119
5872 495
5878 59
5881 122
5883 134
5886 133
5888 149
5895 133
5896 117
5897 2144
5900 137
5902 860
5903 136
5908 100
5909 92
5913 138
5914 89
5915 90
5916 268
5917 130
5928 97
5929 107
5932 712
5937 236
5938 116
5939 98
5940 99
5943 128
5945 146
5947 106
5950 269
5951 460
5952 227
5958 173
5962 249
5964 438
5965 147
5967 136
5969 134
5971 94
5975 122
5985 922
5986 373
5987 128
5988 148
5989 119
5990 132
5996 144
5997 379
5998 457
5999 116
6001 472
6002 178
6003 115
6004 196
6005 69
6007 306
6017 100
6019 233
6023 100
6027 122
6031 203
6036 108
6037 149
6038 456
6039 438
6042 107
6043 172
6045 135
6051 113
6052 122
6053 230
6057 143
6060 115
6066 112
6067 185
6068 121
6070 258
6071 129
6073 123
6077 249
6078 117
6080 137
6081 2293
6082 135
6083 114
6086 115
6087 98
6088 140
6089 2901
6091 87
6102 135
6105 182
6108 120
6111 148
6112 473
6113 116
6114 151
6117 402
6118 118
6121 147
6124 314
6125 396
6127 254
6128 136
6133 132
6134 134
6136 135
6140 242
6145 100
6146 116
6150 183
6151 303
6154 129
6158 97
6159 484
6160 99
6162 95
6163 145
6164 125
6166 126
6170 112
6173 254
6174 132
6176 321
6178 298
6182 88
6183 267
6184 98
6187 105
6191 144
6196 286
6200 866
6201 125
6210 137
6215 110
6216 124
6218 392
6219 162
6223 162
6224 172
6227 237
6228 605
6236 409
6240 743
6242 226
6243 95
6248 115
6252 1461
6253 304
6254 351
6255 124
6257 98
6258 166
6259 167
6260 87
6263 88
6265 110
6267 188
6269 233
6272 114
6273 112
6276 124
6278 232
6280 170
6281 129
6283 411
6284 115
6286 110
6287 152
6288 142
6289 501
6292 130
6293 107
6301 499
6304 104
6305 3587
6307 103
6309 142
6311 141
6312 164
6313 479
6316 117
6317 121
6319 108
6322 124
6323 125
6326 127
6331 242
6332 174
6335 155
6338 381
6340 152
6345 103
6346 128
6347 120
6349 126
6350 546
6351 185
6355 134
6363 141
6364 2181
6365 225
6366 114
6367 260
6372 104
6373 165
6376 103
6377 590
6378 113
6380 114
6381 133
6382 128
6384 462
6385 116
6389 736
6396 96
6398 119
6399 136
6401 110
6404 153
6406 122
6408 100
6412 162
6414 242
6419 356
6420 155
6423 244
6424 150
6426 138
6428 158
6430 519
6432 105
6433 112
6439 528
6440 145
6443 134
6444 237
6446 220
6447 231
6448 119
6452 105
6453 141
6456 115
6457 118
6458 219
6459 124
6463 115
6470 105
6471 199
6472 136
6473 216
6474 2993
6475 249
6476 170
6481 107
6482 170
6483 166
6484 361
6485 106
6486 149
6488 164
6494 291
6495 160
6496 156
6498 237
6500 204
6502 250
6504 112
6506 726
6509 119
6514 453
6515 132
6516 148
6517 159
6519 149
6520 789
6521 478
6528 320
6532 161
6533 94
6538 241
6540 127
6542 106
6543 139
6544 141
6547 124
6548 690
6550 122
6551 134
6552 119
6553 111
6556 241
6559 186
6560 187
6561 76
6562 107
6563 106
6564 105
6566 105
6568 111
6569 165
6571 140
6572 153
6573 175
6574 130
6576 282
6582 158
6584 139
6586 128
6591 149
6592 136
6593 106
6594 109
6595 146
6596 774
6599 108
6600 228
6601 101
6602 112
6604 70
6605 436
6606 271
6612 111
6613 254
6617 117
6618 120
6620 99
6621 141
6622 134
6624 107
6625 125
6627 115
6629 202
6631 128
6634 163
6638 121
6639 159
6640 122
6641 271
6643 98
6645 117
6646 112
6649 128
6652 593
6653 155
6654 172
6655 108
6656 142
6658 138
6661 103
6662 397
6664 132
6666 257
6667 276
6670 191
6671 122
6674 145
6676 108
6684 105
6690 138
6691 137
6696 243
6702 99
6706 312
6707 187
6709 161
6711 150
6712 134
6713 149
6714 399
6720 142
6721 120
6723 405
6724 422
6726 481
6728 575
6730 141
6731 161
6732 179
6734 253
6739 153
6741 1583
6742 496
6743 109
6748 136
6749 142
6752 2210
6753 59
6754 296
6755 129
6756 1319
6758 154
6760 166
6761 169
6762 110
6765 527
6768 128
6777 149
6778 147
6779 247
6780 141
6781 124
6784 116
6786 106
6788 147
6789 758
6790 149
6792 135
6793 242
6794 698
6795 154
6796 150
6798 111
6799 355
6801 246
6802 450
6803 122
6804 144
6808 150
6809 298
6813 147
6815 218
6819 1696
6822 360
6823 128
6824 106
6825 265
6827 164
6831 381
6832 135
6834 156
6835 122
6840 43
6842 105
6843 184
6845 550
6846 512
6847 139
6848 172
6849 129
6855 106
6856 168
6857 107
6858 119
6859 421
6860 290
6861 570
6862 951
6863 234
6864 138
6865 413
6867 109
6872 139
6873 741
6874 151
6876 485
6880 49
6881 156
6883 121
6884 191
6889 149
6890 109
6891 386
6892 111
6893 322
6897 177
6902 285
6903 115
6904 119
6905 132
6906 400
6907 118
6908 103
6911 131
6913 130
6916 116
6918 514
6920 126
6921 130
6922 794
6923 138
6924 129
6925 306
6926 108
6927 410
6928 128
6929 225
6930 115
6931 116
6935 202
6937 333
6938 132
6939 316
6940 425
6941 232
6942 138
6944 139
6948 128
6949 145
6950 294
6951 140
6952 656
6954 150
6955 53
6957 159
6958 246
6962 248
6965 2957
6966 497
6968 221
6969 139
6972 130
6975 180
6976 183
6980 205
6982 111
6983 114
6984 128
6987 149
6988 472
6990 160
6991 126
6992 519
6993 119
6995 55
6996 407
6997 392
6998 146
6999 579
7000 215
7002 146
7003 139
7004 163
7005 251
7006 155
7007 126
7008 150
7009 154
7010 123
7012 131
7016 2484
7018 650
7019 141
7022 343
7024 190
7025 112
7026 176
7030 395
7035 134
7037 924
7038 323
7041 131
7043 184
7044 175
7045 117
7046 141
7050 151
7055 115
7057 357
7058 117
7059 117
7060 140
7062 564
7066 256
7070 135
7072 119
7075 123
7078 201
7080 375
7081 893
7082 270
7084 2538
7085 146
7087 1667
7088 143
7089 133
7091 846
7092 132
7093 145
7097 155
7098 409
7102 130
7105 112
7108 156
7109 167
7110 115
7111 170
7113 169
7114 177
7115 526
7118 148
7119 173
7120 132
7121 166
7122 168
7124 149
7125 130
7126 345
7127 109
7129 179
7130 156
7131 173
7132 117
7133 158
7134 122
7135 772
7136 182
7137 122
7143 112
7144 404
7146 103
7148 385
7150 378
7151 362
7152 170
7153 128
7154 301
7155 316
7161 213
7163 119
7169 904
7170 141
7172 146
7173 133
7175 151
7176 189
7179 471
7180 139
7182 315
7185 523
7192 115
7193 155
7194 193
7196 133
7199 114
7200 183
7203 161
7207 445
7208 513
7211 142
7213 151
7215 137
7216 127
7217 137
7218 122
7225 389
7226 306
7227 152
7228 141
7229 145
7230 190
7231 125
7235 150
7237 150
7238 134
7239 138
7241 380
7242 129
7243 129
7244 189
7245 1429
7246 121
7248 155
7249 132
7253 137
7256 162
7266 131
7268 169
7269 134
7270 129
7276 140
7277 250
7278 366
7279 177
7280 152
7284 189
7285 137
7290 921
7292 246
7293 144
7297 128
7298 133
7300 149
7303 125
7305 121
7307 171
7308 119
7310 171
7312 271
7316 146
7317 320
7318 528
7319 175
7321 159
7322 1343
7328 266
7331 186
7335 252
7337 530
7341 152
7343 1772
7345 292
7346 2842
7347 278
7348 439
7350 302
7351 336
7353 151
7355 343
7356 143
7357 333
7358 148
7359 190
7360 397
7361 225
7362 472
7363 265
7364 368
7366 174
7367 187
7370 150
7373 306
7374 1173
7375 143
7378 183
7381 183
7383 320
7384 319
7385 246
7386 424
7387 185
7390 351
7391 142
7392 327
7393 299
7396 340
7397 244
7399 148
7404 121
7407 141
7408 272
7409 175
7411 127
7412 315
7413 323
7417 106
7419 322
7420 149
7422 171
7423 444
7425 167
7428 140
7431 156
7432 797
7433 332
7434 177
7437 721
7438 172
7442 138
7443 423
7444 146
7451 253
7452 294
7453 161
7456 164
7457 369
7461 142
7462 145
7463 141
7464 168
7465 139
7466 403
7468 170
7471 162
7472 137
7474 142
7475 157
7476 168
7483 623
7486 385
7487 185
7488 140
7490 310
7492 484
7496 365
7497 318
7498 229
7499 262
7501 192
7503 304
7504 259
7505 150
7506 303
7507 472
7508 156
7509 155
7511 481
7518 195
7519 384
7520 755
7521 903
7522 575
7523 138
7524 1201
7525 370
7526 146
7528 159
7529 175
7530 180
7532 303
7533 178
7535 130
7536 187
7537 1509
7539 130
7541 145
7542 246
7544 149
7545 138
7548 141
7549 156
7550 169
7551 155
7555 322
7557 157
7558 213
7559 379
7560 173
7561 144
7563 305
7566 134
7568 2572
7569 140
7570 444
7575 131
7576 129
7577 190
7578 815
7579 135
7580 140
7581 192
7582 152
7583 171
7585 176
7586 183
7587 129
7590 158
7591 153
7592 221
7593 131
7594 131
7596 149
7597 182
7598 249
7599 290
7600 141
7601 242
7603 222
7605 189
7606 259
7607 183
7610 130
7612 313
7613 202
7628 139
7630 150
7631 455
7635 139
7637 125
7638 153
7640 144
7641 175
7642 152
7643 259
7645 210
7647 182
7649 376
7655 205
7659 177
7665 873
7668 886
7671 137
7672 146
7675 350
7676 143
7682 153
7683 1473
7684 143
7685 323
7686 251
7689 137
7690 165
7692 347
7693 348
7695 141
7696 139
7697 146
7698 655
7699 2177
7700 189
7701 331
7702 608
7704 178
7705 304
7706 177
7707 136
7708 133
7709 131
7713 394
7714 129
7715 141
7718 169
7719 294
7721 188
7723 149
7724 628
7725 290
7727 224
7728 153
7731 161
7732 146
7733 174
7737 192
7738 317
7739 195
7740 142
7741 128
7745 407
7747 264
7748 132
7750 220
7752 161
7753 140
7754 236
7755 159
7757 147
7758 572
7761 298
7762 157
7764 156
7766 133
7769 172
7770 251
7771 122
7774 331
7775 1098
7777 236
7778 157
7779 304
7780 188
7783 173
7785 308
7789 177
7791 143
7792 154
7793 160
7794 166
7795 1018
7796 171
7797 310
7798 413
7799 274
7800 155
7802 181
7803 240
7805 143
7806 165
7808 162
7812 234
7814 273
7815 243
7816 985
7817 186
7818 393
7819 181
7822 166
7825 221
7826 134
7827 180
7828 148
7829 170
7832 158
7833 433
7835 309
7836 170
7837 233
7838 149
7839 153
7844 19
7845 166
7847 130
7848 1367
7852 141
7854 140
7855 413
7861 288
7862 195
7863 145
7864 145
7867 516
7871 164
7872 150
7873 326
7874 144
7878 167
7879 336
7880 166
7890 300
7895 412
7899 200
7904 167
7905 252
7906 144
7909 2039
7913 219
7914 589
7915 173
7920 133
7921 170
7922 158
7923 36
7924 185
7927 263
7928 906
7929 212
7932 143
7933 996
7934 246
7935 741
7936 455
7937 149
7942 171
7943 164
7944 158
7945 136
7949 146
7950 129
7953 265
7954 169
7956 121
7959 213
7960 546
7961 340
7962 352
7964 576
7968 180
7969 1063
7970 181
7971 143
7973 254
7974 261
7975 302
7976 158
7977 512
7978 1064
7979 229
7980 2604
7981 2017
7982 170
7983 210
7988 380
7989 329
7990 163
7991 405
7992 151
7993 181
7994 516
7995 149
7998 258
8001 426
8003 534
8004 134
8005 262
8007 199
8009 319
8011 511
8013 162
8016 129
8018 172
8020 155
8021 421
8024 141
8026 143
8030 750
8033 172
8036 293
8037 58
8039 173
8041 158
8042 149
8043 437
8044 184
8045 2664
8046 139
8047 153
8049 129
8050 353
8053 268
8058 405
8059 142
8060 239
8061 168
8062 229
8064 165
8065 187
8066 227
8069 169
8071 261
8073 188
8074 1154
8075 200
8076 169
8077 176
8079 157
8080 162
8081 152
8083 282
8085 207
8086 572
8088 508
8089 283
8092 191
8094 166
8096 437
8099 39
8103 167
8105 250
8107 198
8108 171
8109 247
8112 323
8113 151
8114 199
8116 373
8117 765
8119 218
8120 174
8122 186
8123 158
8124 175
8125 346
8128 329
8129 171
8130 293
8131 319
8134 148
8136 273
8137 192
8138 647
8141 221
8142 422
8144 266
8145 1120
8146 162
8147 157
8148 164
8151 294
8155 374
8157 142
8158 257
8159 152
8160 274
8163 164
8164 914
8165 612
8166 166
8167 305
8168 142
8170 164
8171 382
8172 184
8173 196
8177 230
8180 230
8181 105
8183 812
8184 542
8191 148
8192 138
8193 177
8194 230
8195 397
8198 196
8202 139
8204 165
8206 166
8207 297
8208 207
8209 371
8210 178
8211 146
8212 223
8214 178
8215 242
8216 180
8217 219
8218 139
8219 267
8220 244
8221 351
8222 216
8225 243
8226 392
8227 165
8228 186
8230 32
8231 132
8234 211
8238 207
8239 235
8241 530
8243 193
8245 188
8249 168
8250 213
8251 176
8254 328
8257 224
8259 290
8261 168
8263 144
8264 270
8267 213
8268 1110
8271 422
8272 188
8273 233
8275 157
8277 455
8279 563
8280 195
8281 966
8282 163
8283 252
8284 349
8285 226
8286 348
8287 380
8288 696
8293 310
8295 295
8297 235
8298 572
8301 155
8302 171
8303 238
8304 125
8305 237
8306 195
8309 256
8310 757
8311 201
8312 181
8313 131
8315 205
8316 1062
8319 185
8320 165
8321 175
8322 111
8323 317
8324 206
8326 323
8327 299
8328 507
8330 198
8331 150
8333 175
8334 149
8335 148
8336 523
8337 199
8338 439
8341 177
8346 183
8349 2563
8353 348
8354 373
8357 110
8360 145
8361 193
8362 163
8364 153
8366 163
8367 303
8369 218
8371 192
8372 203
8373 138
8374 225
8376 151
8379 236
8380 184
8383 85
8384 294
8385 213
8386 213
8387 214
8388 312
8390 187
8392 214
8394 144
8395 213
8400 37
8401 175
8402 206
8403 150
8404 303
8405 229
8406 1615
8407 164
8408 497
8409 236
8410 228
8412 171
8413 521
8414 32
8416 237
8417 151
8418 203
8421 540
8422 1926
8423 264
8424 143
8426 222
8427 255
8429 259
8430 187
8431 186
8433 187
8434 302
8436 185
8437 230
8438 138
8439 342
8440 279
8441 167
8443 167
8445 143
8451 255
8454 135
8455 214
8465 293
8468 172
8469 159
8470 283
8472 367
8473 298
8475 179
8477 493
8478 1225
8479 220
8480 164
8482 1497
8483 255
8491 249
8492 157
8494 238
8496 174
8497 540
8499 309
8501 297
8505 169
8506 203
8507 263
8509 368
8511 283
8513 223
8514 352
8515 217
8517 223
8518 186
8519 193
8520 167
8522 119
8523 50
8524 527
8525 249
8530 160
8532 562
8533 581
8534 2019
8537 277
8538 653
8545 183
8546 203
8547 235
8549 447
8551 367
8552 192
8553 168
8554 312
8555 363
8557 242
8560 136
8563 202
8564 396
8565 630
8566 403
8568 380
8569 839
8571 194
8577 202
8580 246
8581 521
8582 299
8586 242
8587 161
8591 287
8593 293
8594 50
8595 287
8600 307
8602 306
8603 186
8604 199
8606 611
8607 198
8610 141
8611 192
8612 188
8618 172
8619 243
8621 281
8622 159
8623 186
8624 169
8627 457
8630 131
8634 164
8636 263
8638 220
8642 181
8643 180
8645 244
8648 158
8649 219
8653 174
8654 171
8655 266
8656 172
8658 178
8659 182
8662 367
8663 253
8664 175
8665 180
8667 226
8668 280
8670 228
8671 220
8676 194
8678 235
8682 162
8683 737
8684 2208
8685 251
8686 259
8687 255
8690 196
8691 335
8696 707
8699 301
8700 195
8701 267
8704 75
8705 286
8707 326
8708 653
8709 261
8711 245
8714 515
8715 166
8718 168
8727 105
8728 182
8732 930
8733 168
8735 895
8737 183
8745 151
8747 251
8751 208
8753 512
8754 152
8759 200
8760 290
8762 26
8765 182
8767 441
8769 260
8770 215
8771 185
8773 212
8774 400
8775 235
8777 284
8780 232
8781 244
8783 157
8785 243
8786 184
8787 146
8788 153
8790 235
8792 328
8793 195
8794 491
8797 308
8798 174
8806 193
8807 594
8809 304
8810 311
8812 277
8814 600
8815 1105
8817 1728
8818 177
8822 250
8823 250
8824 167
8825 171
8826 328
8828 338
8829 289
8830 352
8833 28
8834 155
8835 156
8836 251
8838 172
8839 119
8840 185
8842 186
8843 131
8844 283
8846 327
8847 244
8848 293
8849 337
8850 718
8851 238
8854 358
8855 341
8858 192
8859 195
8860 288
8861 281
8863 192
8864 499
8866 150
8867 466
8868 194
8871 232
8872 323
8873 317
8875 295
8881 538
8882 223
8884 383
8885 220
8889 239
8891 152
8895 127
8901 185
8903 191
8906 21
8907 171
8908 283
8909 302
8910 171
8912 187
8918 171
8920 243
8921 315
8923 284
8924 196
8926 373
8927 176
8929 577
8930 113
8932 460
8934 151
8935 260
8937 190
8938 276
8939 212
8940 323
8941 192
8942 329
8943 297
8944 183
8947 175
8949 337
8950 281
8952 340
8954 605
8955 349
8956 447
8957 186
8958 218
8960 75
8964 196
8965 303
8966 239
8967 329
8970 302
8971 340
8972 345
8974 341
8976 467
8978 200
8979 825
8982 164
8983 319
8984 302
8985 921
8986 230
8990 194
8991 206
8992 271
8993 328
8994 191
8995 309
8997 146
8998 291
8999 303
9003 305
9015 138
9017 101
9018 179
9019 229
9020 193
9021 348
9022 216
9023 170
9024 20
9025 317
9026 425
9027 302
9031 3475
9034 218
9035 296
9036 167
9037 171
9039 122
9045 1009
9046 676
9051 39
9052 241
9053 601
9054 222
9060 309
9062 388
9067 260
9068 253
9070 13
9071 203
9072 298
9073 14
9074 175
9077 55
9078 548
9080 322
9081 521
9083 284
9085 259
9087 168
9090 387
9091 203
9093 273
9096 289
9098 474
9100 676
9101 193
9103 268
9107 184
9109 159
9110 287
9112 491
9113 617
9117 427
9120 186
9121 191
9122 323
9123 615
9124 342
9126 159
9132 163
9135 213
9136 646
9137 303
9138 269
9140 313
9142 429
9144 272
9148 250
9149 238
9151 576
9152 1703
9156 197
9157 334
9160 168
9161 488
9162 419
9163 306
9165 676
9166 215
9168 343
9170 181
9172 319
9174 10
9175 397
9181 294
9182 128
9186 228
9190 176
9191 1579
9195 250
9200 256
9202 177
9203 294
9204 553
9207 104
9208 285
9211 183
9212 21
9214 514
9215 105
9216 319
9218 256
9219 498
9220 265
9221 312
9223 32
9226 9
9227 303
9230 369
9231 323
9233 342
9236 434
9237 234
9239 111
9242 179
9246 211
9247 68
9248 429
9249 688
9250 328
9252 332
9253 399
9254 306
9255 606
9259 181
9263 304
9269 982
9271 201
9272 178
9273 556
9274 58
9275 371
9276 186
9277 174
9278 280
9279 329
9280 353
9282 586
9285 451
9286 163
9291 183
9292 1482
9293 529
9295 189
9299 820
9301 58
9303 287
9308 314
9309 204
9311 269
9312 539
9313 198
9314 1591
9315 72
9318 370
9319 212
9320 290
9322 442
9324 334
9325 224
9326 127
9328 182
9329 176
9331 259
9333 14
9335 160
9337 563
9338 196
9339 575
9340 35
9341 167
9342 354
9343 1478
9345 311
9346 905
9348 129
9349 180
9350 334
9351 81
9352 83
9353 328
9354 488
9356 467
9359 208
9360 263
9361 190
9363 188
9364 495
9366 332
9369 4
9371 211
9372 204
9373 307
9374 228
9375 760
9376 296
9377 340
9382 96
9383 66
9384 229
9386 138
9391 540
9392 364
9393 138
9394 240
9397 377
9398 180
9399 189
9400 191
9401 258
9402 190
9403 172
9404 247
9407 273
9408 236
9409 254
9411 250
9413 355
9419 270
9425 290
9427 355
9428 0
9429 284
9430 466
9431 1
9432 283
9435 213
9436 514
9438 199
9439 289
9441 405
9442 1087
9443 288
9445 223
9448 285
9449 217
9452 194
9453 297
9454 27
9462 142
9466 332
9467 354
9471 161
9472 18
9476 349
9477 371
9478 36
9479 231
9483 279
9484 281
9485 649
9486 250
9490 325
9491 216
9494 424
9495 97
9498 560
9499 101
9504 276
9506 31
9507 247
9508 207
9511 314
9514 264
9517 270
9518 313
9520 993
9521 153
9523 185
9524 144
9527 1148
9529 186
9530 142
9532 188
9533 211
9534 285
9535 64
9537 454
9538 21
9540 219
9542 488
9543 526
9545 270
9546 517
9548 287
9549 304
9550 491
9551 358
9554 236
9555 313
9556 270
9557 269
9560 315
9562 322
9564 241
9565 185
9566 272
9570 187
9571 241
9573 376
9574 373
9575 130
9577 425
9584 213
9588 228
9589 263
9590 290
9591 174
9592 1041
9595 175
9596 292
9599 276
9600 177
9601 270
9602 317
9604 873
9607 151
9608 275
9617 270
9618 200
9619 122
9620 647
9621 1120
9622 435
9623 303
9624 268
9625 223
9627 279
9628 659
9629 346
9634 296
9635 191
9638 1023
9639 22
9640 317
9642 209
9644 171
9646 449
9647 354
9651 1160
9652 32
9653 53
9654 1530
9656 248
9658 330
9659 63
9663 705
9664 150
9667 553
9672 288
9675 252
9678 191
9683 171
9684 77
9685 298
9693 58
9694 222
9696 209
9698 427
9699 588
9700 259
9704 744
9705 61
9708 615
9709 688
9713 513
9715 568
9717 254
9720 1035
9721 692
9722 225
9724 222
9725 1199
9729 201
9732 74
9733 189
9734 562
9735 273
9738 194
9739 218
9744 228
9749 47
9750 174
9751 599
9753 146
9754 174
9755 570
9758 1016
9768 563
9769 244
9770 546
9772 524
9773 399
9774 217
9775 650
9776 210
9779 182
9783 244
9785 251
9786 356
9792 365
9793 972
9796 528
9798 511
9804 506
9806 130
9808 235
9812 326
9813 331
9815 200
9816 369
9818 666
9820 49
9823 255
9830 261
9832 889
9833 221
9835 166
9838 271
9839 156
9846 1182
9853 1202
9856 558
9859 212
9860 498
9861 298
9863 75
9865 579
9866 35
9869 214
9870 638
9872 524
9874 372
9875 187
9877 82
9879 189
9881 379
9885 453
9889 221
9890 547
9891 267
9892 446
9893 869
9894 541
9897 186
9898 245
9901 352
9902 561
9906 371
9908 188
9911 147
9916 1547
9920 315
9921 85
9923 77
9924 200
9928 211
9929 185
9930 388
9931 215
9933 387
9934 222
9936 187
9937 239
9938 78
9940 268
9941 181
9943 83
9944 277
9945 514
9946 77
9949 225
9951 284
9956 253
9957 514
9958 751
9960 333
9961 181
9962 339
9964 714
9974 300
9981 223
9982 164
9985 649
9987 162
9989 71
9992 193
9994 190
10000 252
10002 221
10005 344
10009 283
10023 72
10030 374
10031 186
10035 221
10047 264
10051 275
10053 297
10054 260
10055 65
10061 884
10062 318
10063 802
10074 221
10078 203
10083 45
10088 268
10094 164
10102 156
10105 196
10106 45
10108 502
10110 407
10114 476
10115 213
10118 207
10119 388
10121 185
10125 259
10127 194
10133 243
10141 211
10143 261
10144 340
10147 174
10148 173
10149 55
10151 362
10156 523
10158 244
10160 305
10162 692
10181 1554
10186 203
10187 372
10191 183
10193 447
10195 197
10204 80
10208 330
10209 267
10215 78
10219 454
10226 349
10228 192
10230 229
10233 294
10237 299
10241 349
10247 266
10249 312
10251 316
10255 546
10258 203
10259 443
10262 308
10265 204
10267 228
10269 176
10271 175
10272 202
10274 125
10277 73
10278 316
10279 74
10280 460
10283 279
10287 202
10290 200
10291 193
10292 339
10293 77
10294 198
10301 200
10303 206
10305 278
10306 218
10308 188
10309 196
10311 227
10315 188
10321 234
10323 75
10324 298
10326 231
10329 229
10333 239
10334 210
10336 289
10337 201
10338 246
10339 187
10340 232
10341 232
10342 220
10353 261
10357 334
10366 257
10368 236
10373 352
10374 275
10376 256
10378 235
10379 165
10382 508
10387 163
10389 170
10391 179
10393 158
10398 297
10399 722
10400 244
10401 262
10413 188
10414 230
10415 446
10419 219
10422 287
10424 217
10425 201
10426 388
10427 252
10429 156
10431 451
10434 341
10436 158
10437 430
10440 188
10441 562
10442 187
10448 227
10451 676
10454 320
10455 681
10457 313
10458 341
10460 303
10463 180
10464 180
10465 208
10473 294
10474 198
10480 264
10483 332
10485 196
10486 319
10487 681
10488 763
10489 138
10490 307
10491 232
10494 349
10495 204
10496 353
10497 292
10500 243
10503 204
10505 225
10506 301
10507 144
10509 279
10516 229
10519 297
10521 319
10532 212
10535 358
10536 146
10537 146
10549 611
10551 349
10555 196
10557 347
10559 195
10567 200
10570 227
10573 268
10574 318
10577 198
10580 302
10581 263
10583 197
10588 319
10589 204
10590 192
10591 406
10592 201
10593 206
10600 635
10602 161
10603 184
10606 322
10607 455
10608 358
10609 254
10610 164
10611 339
10613 209
10616 385
10621 352
10623 403
10631 187
10632 217
10634 214
10640 188
10645 184
10647 183
10652 184
10653 218
10654 247
10656 366
10661 558
10664 294
10666 909
10678 320
10684 8
10687 227
10688 186
10690 193
10691 286
10692 181
10694 682
10695 323
10696 765
10698 300
10699 401
10706 452
10708 298
10710 199
10715 292
10717 285
10723 196
10725 192
10728 241
10729 203
10734 234
10735 186
10736 150
10740 367
10741 211
10743 331
10744 211
10748 216
10750 12
10751 189
10754 197
10756 408
10757 279
10760 196
10762 1627
10765 197
10769 358
10772 238
10774 375
10776 293
10777 360
10778 246
10779 381
10780 345
10781 371
10782 329
10783 277
10785 253
10788 141
10789 296
10795 195
10796 402
10797 284
10798 206
10799 151
10800 307
10801 186
10802 309
10803 171
10804 355
10805 339
10806 315
10807 344
10810 309
10815 302
10816 46
10817 22
10826 199
10828 191
10829 216
10832 181
10833 667
10835 256
10836 272
10837 203
10839 276
10840 354
10841 201
10843 221
10845 204
10848 200
10850 264
10852 311
10856 294
10859 408
10862 194
10863 364
10864 199
10865 203
10866 193
10867 196
10869 710
10870 195
10871 378
10874 298
10875 908
10879 229
10880 448
10882 188
10883 193
10886 194
10888 188
10889 191
10890 189
10893 430
10894 776
10895 374
10896 196
10899 218
10901 742
10904 184
10905 331
10907 195
10908 90
10909 185
10911 623
10912 187
10913 1919
10914 221
10917 251
10918 255
10919 214
10920 99
10922 330
10923 195
10925 198
10926 474
10930 186
10931 2801
10932 2524
10933 184
10936 204
10937 488
10938 210
10941 213
10943 283
10945 351
10946 186
10948 192
10949 225
10950 330
10952 408
10957 377
10958 265
10962 605
10965 190
10966 45
10968 166
10969 187
10970 331
10973 2650
10974 286
10977 121
10978 216
10980 195
10981 267
10985 461
10986 365
10988 183
10993 241
10994 378
10995 289
11002 269
11003 189
11011 396
11014 325
11015 262
11019 466
11020 508
11021 305
11023 346
11024 409
11025 210
11029 198
11030 187
11033 202
11039 182
11040 437
11042 182
11044 269
11048 184
11049 465
11053 304
11054 184
11057 378
11058 258
11060 54
11061 232
11064 223
11068 192
11071 118
11076 296
11078 194
11081 199
11084 279
11085 194
11086 144
11087 149
11088 194
11091 149
11093 310
11096 303
11097 362
11098 803
11100 528
11101 419
11103 189
11104 392
11105 198
11106 273
11107 2572
11108 270
11109 501
11112 219
11113 218
11115 409
11118 187
11121 540
11123 213
11127 294
11128 832
11129 223
11131 1972
11133 378
11134 239
11137 10
11138 209
11139 339
11140 325
11141 814
11144 257
11145 244
11146 354
11147 252
11148 219
11151 163
11153 170
11154 242
11155 192
11158 353
11159 195
11161 264
11163 309
11166 184
11170 303
11172 269
11173 396
11179 302
11182 1734
11184 151
11185 624
11188 335
11189 572
11190 365
11191 2147
11197 350
11200 203
11202 491
11205 194
11207 206
11212 73
11215 246
11219 3175
11222 805
11227 263
11228 279
11229 441
11231 294
11232 214
11233 700
11239 265
11241 203
11246 1042
11247 365
11253 190
11254 190
11255 334
11256 322
11258 214
11259 327
11260 192
11262 629
11265 188
11269 348
11272 300
11274 361
11276 328
11278 439
11281 190
11284 752
11288 163
11289 163
11292 48
11298 229
11299 200
11306 196
11313 273
11317 205
11320 279
11321 195
11323 2095
11330 177
11333 528
11337 1390
11348 930
11349 153
11353 271
11357 70
11359 193
11360 1076
11361 363
11363 234
11365 354
11367 206
11373 470
11376 152
11377 243
11381 189
11389 206
11390 752
11391 174
11395 174
11396 62
11400 157
11401 157
11403 50
11404 204
11407 30
11408 30
11428 345
11429 107
11435 108
11437 211
11440 1112
11441 247
11444 637
11456 620
11458 309
11460 315
11463 230
11465 309
11475 270
11483 333
11484 159
11492 282
11500 730
11502 1132
11505 772
11506 761
11510 183
11511 353
11513 288
11516 318
11518 3296
11527 210
11528 949
11529 267
11531 171
11532 175
11545 302
11547 359
11549 215
11551 25
11552 428
11554 270
11558 313
11562 231
11563 241
11569 329
11575 184
11581 32
11592 263
11595 314
11601 56
11604 731
11605 296
11611 334
11612 644
11617 311
11620 791
11636 313
11638 205
11639 366
11642 585
11646 1080
11647 189
11648 695
11649 168
11652 196
11653 168
11660 315
11661 336
11666 620
11667 408
11669 178
11670 286
11671 277
11673 601
11674 304
11684 237
11686 295
11694 619
11699 319
11703 309
11709 371
11710 180
11713 247
11715 267
11717 185
11722 302
11723 296
11727 825
11730 656
11731 374
11745 117
11746 303
11747 290
11749 310
11754 657
11757 189
11761 474
11762 202
11764 370
11765 197
11766 368
11769 319
11781 298
11785 724
11787 374
11802 311
11811 293
11812 582
11813 947
11815 238
11819 177
11820 499
11821 1198
11822 220
11823 429
11824 200
11826 314
11828 212
11831 206
11832 202
11835 279
11839 297
11846 277
11849 288
11853 284
11856 353
11857 167
11871 301
11872 301
11876 211
11877 1387
11878 1106
11891 312
11892 445
11893 726
11894 189
11899 334
11901 311
11902 232
11903 299
11904 692
11906 308
11908 244
11909 182
11911 259
11912 206
11918 309
11922 303
11929 280
11930 305
11931 168
11933 418
11936 662
11946 327
11948 795
11953 247
11957 262
11959 186
11961 162
11962 183
11963 195
11964 327
11965 242
11967 307
11969 196
11976 183
11978 769
11979 284
11981 167
11982 623
11983 239
11989 580
11990 172
11992 69
11993 305
11995 301
11997 277
12002 435
12005 200
12006 307
12011 68
12013 419
12016 444
12017 211
12018 68
12019 288
12020 203
12023 218
12027 319
12028 236
12037 213
12040 486
12041 307
12045 344
12057 1301
12060 711
12063 913
12064 171
12067 514
12068 260
12072 398
12081 297
12083 261
12085 2036
12086 209
12088 220
12090 288
12091 340
12092 229
12093 298
12108 174
12109 307
12112 223
12115 230
12128 297
12131 663
12138 309
12144 307
12145 1094
12154 166
12156 287
12164 202
12167 196
12168 220
12171 653
12172 292
12179 292
12184 224
12186 224
12187 207
12195 41
12198 1618
12202 669
12203 214
12210 361
12211 291
12216 321
12218 249
12221 232
12230 582
12240 170
12245 239
12249 300
12252 254
12253 267
12254 153
12259 291
12260 462
12262 219
12264 210
12267 275
12271 231
12285 286
12288 204
12289 2651
12290 313
12295 265
12296 362
12306 239
12308 230
12309 256
12312 342
12313 348
12317 86
12324 217
12325 234
12327 204
12331 200
12334 244
12335 251
12336 280
12337 281
12339 281
12342 298
12346 31
12349 738
12350 264
12352 293
12361 705
12368 356
12369 268
12372 179
12378 228
12384 866
12385 691
12387 180
12391 231
12393 226
12396 229
12404 237
12410 2674
12412 1063
12422 192
12425 189
12427 231
12428 204
12430 285
12431 667
12440 222
12442 215
12444 1105
12448 173
12449 50
12457 79
12467 235
12469 189
12478 187
12479 312
12480 233
12481 182
12482 351
12485 792
12489 601
12490 148
12492 350
12493 292
12495 287
12501 305
12503 232
12504 275
12505 232
12507 265
12508 262
12509 148
12515 268
12517 214
12521 319
12526 299
12527 241
12533 130
12538 334
12547 343
12550 318
12551 502
12553 878
12558 6
12559 247
12561 278
12563 252
12564 232
12565 223
12566 324
12567 221
12568 307
12570 337
12571 228
12573 265
12575 254
12576 135
12586 292
12592 149
12600 231
12602 305
12603 224
12604 221
12605 279
12607 211
12608 333
12609 568
12612 505
12613 336
12614 347
12622 635
12624 368
12625 253
12629 777
12630 317
12631 204
12633 286
12634 226
12636 200
12638 311
12641 836
12643 317
12654 271
12656 275
12658 190
12661 298
12663 202
12664 609
12665 276
12672 318
12675 275
12676 541
12679 720
12681 214
12683 188
12687 89
12693 241
12696 267
12697 1135
12699 258
12701 745
12702 315
12703 299
12705 259
12707 380
12708 385
12710 260
12711 160
12717 2138
12719 2392
12723 7
12728 195
12729 1065
12731 372
12733 358
12734 280
12735 318
12737 315
12742 248
12744 234
12746 260
12749 323
12751 248
12757 560
12760 245
12761 912
12766 356
12771 848
12779 223
12784 281
12785 328
12788 193
12791 179
12793 242
12794 475
12795 298
12797 14
12798 171
12801 141
12804 306
12807 247
12809 601
12811 284
12812 265
12814 294
12816 290
12818 90
12819 235
12820 230
12825 319
12826 395
12828 220
12833 350
12834 258
12838 321
12839 1194
12841 243
12842 468
12844 207
12845 207
12847 132
12850 303
12861 224
12867 311
12871 312
12872 220
12873 659
12874 331
12875 264
12876 303
12879 354
12881 797
12885 403
12886 216
12896 587
12899 2755
12905 292
12913 312
12914 313
12915 187
12917 284
12919 274
12924 306
12926 279
12931 115
12944 341
12946 217
12947 325
12948 228
12949 202
12951 158
12952 294
12957 200
12959 165
12960 312
12962 107
12964 324
12967 119
12969 298
12972 290
12973 245
12975 131
12977 1723
12980 230
12981 302
12983 787
12984 119
12987 102
12988 293
12989 160
12990 298
12991 298
12992 116
12996 267
13000 274
13002 288
13008 308
13011 307
13016 198
13017 123
13018 332
13020 188
13026 105
13027 367
13031 206
13032 282
13033 684
13036 279
13041 231
13043 255
13045 122
13047 615
13048 125
13050 108
13055 245
13056 192
13057 490
13059 106
13062 204
13063 232
13066 198
13068 299
13072 307
13074 194
13075 475
13077 508
13085 147
13086 366
13089 113
13091 306
13092 343
13094 132
13098 239
13103 281
13106 290
13107 279
13108 752
13111 1965
13116 238
13121 3019
13131 921
13132 195
13133 768
13137 294
13138 347
13141 113
13145 416
13151 192
13157 1203
13158 207
13161 136
13162 344
13163 259
13164 319
13168 335
13169 145
13170 115
13171 313
13173 156
13189 214
13190 1316
13195 159
13201 630
13203 326
13204 800
13205 193
13206 204
13208 112
13211 345
13213 162
13214 223
13217 765
13220 299
13224 354
13236 131
13238 286
13246 318
13247 218
13251 203
13256 333
13258 251
13261 203
13262 203
13264 362
13272 296
13276 236
13279 283
13285 98
13287 314
13289 135
13290 201
13292 195
13301 212
13302 224
13304 214
13316 132
13318 112
13319 707
13321 99
13328 63
13334 331
13346 191
13355 227
13357 199
13362 288
13371 437
13372 214
13373 169
13379 209
13384 753
13385 352
13387 199
13394 191
13398 734
13400 214
13403 268
13412 1482
13423 190
13430 271
13433 302
13434 351
13436 203
13442 195
13445 199
13448 200
13453 342
13456 200
13479 315
13482 355
13488 365
13491 213
13492 203
13497 464
13500 135
13504 183
13517 504
13519 207
13520 207
13527 433
13533 206
13544 127
13548 258
13549 215
13559 323
13563 329
13566 112
13568 483
13570 425
13576 241
13585 314
13593 199
13597 399
13600 268
13602 207
13603 197
13605 207
13612 290
13614 197
13619 232
13623 217
13624 218
13626 204
13628 152
13630 1100
13636 194
13639 203
13642 137
13645 199
13646 199
13650 124
13653 509
13657 361
13659 340
13660 212
13685 201
13690 364
13696 255
13697 256
13706 218
13713 168
13716 138
13717 217
13718 216
13721 277
13723 107
13726 107
13728 323
13729 338
13730 205
13731 336
13736 203
13737 1202
13738 431
13739 1565
13741 361
13743 208
13754 347
13757 122
13762 167
13770 201
13772 207
13785 221
13787 207
13792 343
13794 680
13806 190
13808 230
13809 914
13822 258
13826 194
13828 217
13831 194
13852 296
13858 207
13859 186
13863 431
13867 416
13868 666
13869 226
13873 333
13876 181
13879 207
13880 219
13890 173
13891 158
13894 189
13896 189
13903 193
13906 207
13918 577
13920 220
13929 169
13930 294
13931 284
13943 227
13946 149
13947 208
13948 170
13949 269
13952 223
13959 209
13966 214
13970 219
13974 148
13976 128
13979 126
13980 626
13988 219
13995 297
13996 216
13999 202
14001 220
14006 206
14007 578
14009 203
14038 249
14042 213
14079 219
14086 168
14089 219
14095 298
14097 295
14103 298
14105 1347
14111 415
14115 197
14117 403
14118 2275
14124 691
14126 235
14132 362
14136 199
14142 352
14143 217
14144 239
14145 213
14146 220
14149 310
14152 205
14154 220
14157 236
14165 214
14166 221
14168 213
14169 213
14174 130
14185 335
14190 182
14192 3227
14197 446
14203 210
14209 1067
14225 245
14236 319
14245 228
14250 221
14260 237
14266 350
14275 295
14286 203
14287 138
14298 234
14299 160
14302 116
14307 254
14308 220
14314 225
14316 223
14320 461
14321 311
14332 224
14339 459
14343 219
14344 243
14363 213
14366 141
14373 231
14382 133
14383 644
14384 219
14386 145
14396 356
14400 299
14408 213
14412 213
14418 183
14421 228
14424 246
14426 322
14427 373
14429 1016
14431 170
14432 180
14435 3315
14438 416
14441 450
14442 333
14443 969
14453 228
14457 215
14458 216
14461 394
14462 251
14464 400
14465 435
14475 323
14480 277
14487 380
14488 289
14495 215
14496 211
14506 245
14514 355
14518 359
14531 292
14541 340
14544 353
14547 220
14551 218
14554 246
14562 357
14564 580
14574 218
14576 225
14583 360
14586 355
14595 240
14597 241
14607 220
14608 220
14609 217
14612 339
14630 218
14634 218
14646 238
14650 506
14652 198
14721 511
14738 476
14740 219
14768 743
14776 197
14796 224
14800 170
14804 170
14807 195
14818 181
14822 604
14832 232
14836 228
14842 137
14853 225
14869 196
14871 137
14875 226
14877 136
14879 226
14881 173
14884 255
14888 222
14892 574
14893 194
14894 191
14904 218
14907 230
14910 217
14916 234
14918 149
14923 227
14924 223
14926 227
14936 224
14960 484
14963 219
14969 220
14972 220
14983 347
15004 232
15006 159
15012 222
15026 245
15042 240
15043 181
15048 434
15055 202
15056 297
15064 364
15072 223
15086 579
15087 525
15091 229
15112 250
15114 353
15117 262
15118 234
15121 255
15122 200
15136 272
15138 275
15139 473
15140 247
15143 251
15159 259
15163 266
15170 228
15205 252
15219 227
15220 228
15221 225
15232 272
15233 238
15236 276
15242 338
15248 253
15258 279
15260 228
15267 466
15268 269
15274 256
15282 181
15284 312
15288 381
15289 368
15291 415
15306 355
15310 144
15311 383
15315 281
15321 300
15328 228
15343 322
15349 532
15350 654
15353 273
15362 307
15373 255
15375 255
15376 234
15381 205
15382 211
15383 354
15386 243
15388 272
15390 257
15394 304
15402 259
15406 223
15421 189
15428 277
15432 284
15436 459
15439 354
15446 260
15455 479
15467 212
15469 442
15471 430
15476 635
15479 563
15480 311
15485 209
15492 213
15493 551
15495 367
15498 213
15500 290
15506 246
15514 245
15526 438
15534 351
15543 245
15567 255
15572 946
15578 522
15579 207
15580 206
15583 372
15586 472
15587 3208
15592 1430
15593 277
15594 252
15596 472
15598 256
15601 257
15603 233
15605 244
15606 229
15613 354
15614 323
15615 337
15616 338
15617 354
15619 449
15621 346
15625 295
15632 249
15644 3237
15645 335
15646 444
15650 236
15652 373
15669 302
15680 294
15688 262
15703 357
15708 179
15711 373
15715 727
15721 255
15723 213
15729 358
15735 252
15739 215
15751 327
15773 205
15774 152
15794 150
15814 230
15834 885
15839 206
15841 1136
15848 248
15855 254
15858 562
15886 264
15894 231
15900 369
15904 223
15906 211
15910 165
15912 374
15920 313
15926 458
15936 332
15942 331
15943 243
15950 250
15952 231
15962 325
15969 223
15972 223
15991 387
15993 373
15994 257
15999 247
16009 819
16015 326
16017 331
16019 242
16031 245
16051 351
16058 251
16063 223
16074 334
16075 336
16077 308
16083 198
16084 225
16085 191
16088 568
16093 394
16103 225
16104 365
16106 314
16121 192
16122 316
16123 163
16124 197
16132 403
16141 404
16142 322
16143 456
16167 378
16168 265
16170 352
16173 314
16179 197
16181 226
16186 297
16195 545
16201 310
16213 276
16214 193
16217 370
16218 370
16223 374
16226 161
16230 218
16237 442
16238 219
16243 2660
16245 497
16252 371
16254 211
16255 209
16256 229
16259 272
16260 3223
16266 174
16269 195
16273 745
16278 170
16287 372
16299 401
16300 470
16321 226
16326 587
16332 504
16333 177
16335 852
16345 165
16357 393
16359 435
16364 505
16365 195
16368 402
16378 356
16381 289
16382 321
16385 599
16398 346
16399 257
16416 345
16432 460
16436 257
16452 352
16481 188
16493 451
16497 244
16500 216
16512 312
16517 330
16520 255
16537 201
16539 304
16559 514
16571 237
16578 245
16586 299
16587 310
16593 314
16597 363
16601 366
16606 266
16619 237
16621 258
16622 368
16626 370
16629 365
16634 336
16635 387
16637 378
16638 236
16642 236
16652 174
16653 371
16654 361
16658 332
16665 249
16677 318
16680 848
16686 836
16687 250
16689 700
16690 296
16693 215
16694 256
16696 1517
16710 585
16729 229
16735 211
16744 171
16745 171
16746 170
16752 215
16753 299
16768 266
16777 236
16779 181
16782 297
16788 439
16801 228
16819 214
16844 233
16862 253
16870 238
16883 529
16907 231
16911 223
16920 229
16922 307
16925 519
16927 371
16935 289
16936 229
16937 234
16942 245
16950 390
16951 369
16952 302
16956 366
16976 210
17017 660
17033 440
17034 297
17039 350
17049 196
17051 474
17058 723
17061 245
17064 236
17083 244
17105 518
17109 206
17125 222
17128 187
17129 445
17135 217
17141 248
17158 237
17162 313
17174 350
17180 349
17185 327
17195 434
17196 441
17208 232
17232 418
17236 307
17253 176
17255 331
17259 236
17281 439
17283 194
17286 353
17298 204
17302 461
17314 214
17318 265
17320 231
17325 458
17326 440
17348 318
17349 317
17356 408
17362 344
17368 357
17370 358
17371 289
17381 240
17402 303
17408 368
17426 287
17433 351
17440 257
17480 282
17483 351
17484 338
17486 235
17487 200
17489 382
17497 200
17498 200
17521 390
17529 311
17537 228
17565 194
17575 290
17577 2497
17582 261
17586 272
17594 344
17617 230
17619 231
17620 238
17625 207
17633 266
17637 365
17639 228
17643 303
17644 232
17655 254
17656 241
17657 241
17659 287
17664 242
17665 864
17687 221
17690 253
17694 247
17697 325
17700 355
17705 271
17709 274
17714 267
17722 358
17724 359
17728 350
17730 349
17740 980
17748 267
17751 208
17752 234
17776 401
17777 314
17794 204
17795 287
17798 333
17802 269
17814 210
17816 264
17821 265
17851 1373
17855 316
17856 276
17857 274
17861 233
17862 277
17866 274
17880 275
17883 225
17884 307
17900 225
17907 3156
17933 459
17937 225
18035 342
18036 351
18048 777
18092 317
18120 315
18121 316
18194 318
18201 219
18202 308
18203 328
18205 316
18215 319
18221 276
18233 323
18234 311
18240 757
18246 427
18247 354
18249 305
18250 288
18282 348
18299 725
18300 686
18308 322
18313 409
18335 439
18339 339
18350 224
18368 317
18369 318
18370 311
18399 318
18408 310
18415 325
18437 394
18487 462
18518 395
18521 419
18557 767
18593 404
18603 340
18608 339
18630 308
18640 336
18651 319
18652 412
18655 597
18726 314
18748 424
18767 418
18777 315
18799 312
18806 433
18825 531
18890 407
18921 455
18922 572
18945 327
18968 465
18974 402
18976 740
19005 256
19008 817
19023 428
19033 320
19048 343
19084 370
19089 379
19133 325
19175 334
19220 410
19235 354
19266 342
19271 341
19274 476
19307 337
19362 329
19475 348
19529 797
19560 323
19574 333
19579 333
19618 327
19619 329
19626 328
19634 354
19657 420
